depth,dtb,radius,od,incl,hdng,x,y,dx,dy,dz,fx,fy,fz,friction,fn,fs
328.78,0.0,8.75,8.75,29.999999999999996,59.99999999999999,0.0,0.0,0.0,0.0,-0.0,-0.00161,-0.00135,-118.53868,0.0,-34881.46132,0.0
327.34,1.4400000000000002,8.75,4.75,29.9240518735045,59.99999999999999,0.011452706821637584,0.0,0.034,0.0,-0.0004,-0.0,-0.0,-351.44644,0.0,-34530.01488,0.0
324.34,4.44,8.75,4.75,29.765826609972205,59.99999999999999,0.10888013569530054,0.0,0.0308,0.0,-0.0012,-0.0,-0.0,-330.00673,0.0,-34200.00815,0.0
323.09999999999997,5.68,8.75,8.75,29.700426834378856,59.99999999999999,0.1781882077535557,0.0,0.0,0.0,-0.0015,6056.02596,0.00141,-412.53641,0.0,-33787.47174,0.0
319.06,9.72,8.75,4.75,29.48735014615537,59.99999999999999,0.5218107451311862,0.0,-0.2129,-0.0,-0.0026,-0.0,-0.0,-2015.70968,0.0,-31771.76206,0.0
300.335,28.445000000000004,8.75,4.75,28.49976079294131,59.99999999999999,4.468636465817301,0.0,-2.3411,-0.0,-0.0073,-0.0,-0.0,-3431.4003,0.0,-28340.36176,0.0
281.60999999999996,47.17000000000001,8.75,4.8125,27.512171439727247,59.99999999999999,12.287169940065382,0.0,-3.9375,-0.0,-0.0116,404.91503,8.0e-5,-3009.31075,0.0,-25331.05101,0.0
268.065,60.715,8.75,4.8125,26.797784374878947,60.00000000000001,20.354777867848654,1.6471951964772347e-14,-3.9375,-0.0,-0.0144,1938.75773,0.00057,-2572.01634,0.0,-22759.03467,0.0
254.51999999999998,74.26,8.75,4.8125,26.083397310030644,59.99999999999999,30.445823120849806,3.254223606904841e-14,-3.0635,-0.0,-0.0169,-0.0,-0.0,-2699.10727,0.0,-20059.9274,0.0
239.51499999999996,89.265,8.75,4.75,25.29200728359663,59.99999999999999,43.98503082718221,3.254223606904841e-14,-1.4216,-0.0,-0.0195,-0.0,-0.0,-2828.93382,0.0,-17230.99358,0.0
224.51,104.27,8.75,4.75,24.50061725716261,59.99999999999999,60.00288121294827,3.254223606904841e-14,-0.0688,-0.0,-0.0217,-0.0,-0.0,-1575.93146,0.0,-15655.06212,0.0
222.63999999999996,106.14,8.75,8.75,24.40199017622748,59.99999999999999,62.172643307855026,3.254223606904841e-14,0.0,0.0,-0.022,7618.26529,-0.00199,-456.6463,0.0,-15198.41581,0.0
218.90999999999997,109.87,8.75,4.75,24.205263431902328,59.99999999999999,66.61537601316626,3.254223606904841e-14,0.0394,0.0,-0.0225,-0.0,-0.0,-1488.43196,0.0,-13709.98386,0.0
204.54499999999996,124.23500000000001,8.75,4.75,23.4476281283552,59.99999999999999,85.15320361034816,3.254223606904841e-14,-0.7101,0.0,-0.0243,-0.0,-0.0,-2381.46797,0.0,-11328.51589,0.0
190.17999999999995,138.60000000000002,8.75,4.75,22.68999282480807,59.99999999999999,105.95554594356398,3.254223606904841e-14,-2.1487,0.0,-0.0259,-0.0,-0.0,-1516.11637,0.0,-9812.39952,0.0
185.95999999999995,142.82000000000002,8.75,4.5625,22.46742262077264,59.99999999999999,112.49641661842489,3.254223606904841e-14,-2.595,0.0,-0.0263,-0.0,-0.0,-1095.0015,0.0,-8717.39801,0.0
171.96999999999994,156.81000000000003,8.75,3.9375,21.729565475167053,59.99999999999999,135.57497764983216,3.254223606904841e-14,-3.9023,0.0,-0.0276,-0.0,-0.0,-1559.79242,0.0,-7157.6056,0.0
157.97999999999993,170.80000000000004,8.75,3.9375,20.99170832956146,59.99999999999999,160.79300456619782,3.254223606904841e-14,-4.6878,0.0,-0.0287,-0.0,-0.0,-1525.21943,0.0,-5632.38617,0.0
143.25499999999997,185.525,8.75,3.7815,20.215085994390456,59.99999999999999,189.64236588821623,3.254223606904841e-14,-4.9685,0.0,-0.0296,873.01347,-0.00077,-1490.34564,0.0,-4142.04052,0.0
128.52999999999997,200.25,8.75,3.8125,19.438463659219455,59.99999999999999,220.85196763280578,3.254223606904841e-14,-4.9375,0.0,-0.0303,304.4982,-0.00027,-1282.18003,0.0,-2859.86049,0.0
118.23999999999997,210.54,8.75,3.8125,18.89575100530369,59.99999999999999,244.05944097803098,3.254223606904841e-14,-4.6867,0.0,-0.0306,-0.0,-0.0,-1070.23088,0.0,-1789.62962,0.0
107.94999999999997,220.83,8.75,3.8125,18.353038351387926,59.99999999999999,268.4146306104404,3.254223606904841e-14,-4.1753,0.0,-0.0308,-0.0,-0.0,-1073.65277,0.0,-715.97685,0.0
97.65999999999997,231.12,8.75,4.0,17.810325697472162,59.99999999999999,293.9153513717604,3.254223606904841e-14,-3.3984,0.0,-0.0309,-0.0,-0.0,-1459.31362,0.0,743.33677,0.0
82.10999999999997,246.67,8.75,4.0,16.99019141482978,59.99999999999999,334.6200584338765,3.254223606904841e-14,-1.8604,0.0,-0.0308,-0.0,-0.0,-1849.92894,0.0,2593.26571,0.0
66.55999999999999,262.21999999999997,8.75,4.0,16.1700571321874,59.99999999999999,377.92718333491933,3.254223606904841e-14,-0.2307,0.0,-0.0305,-0.0,-0.0,-1553.37589,0.0,4146.6416,0.0
55.833333333333336,272.94666666666666,8.75,4.0,15.604313912135268,59.99999999999999,409.3132283672127,3.254223606904841e-14,0.6886,0.0,-0.0301,-0.0,-0.0,-1252.4367,0.0,5399.0783,0.0
45.10666666666668,283.6733333333333,8.75,4.0,15.03857069208314,59.99999999999999,441.93035347158974,3.254223606904841e-14,1.2279,0.0,-0.0295,-0.0,-0.0,-1255.82942,0.0,6654.90772,0.0
34.38000000000003,294.3999999999999,8.75,4.0,14.47282747203101,59.99999999999999,475.77537858594246,3.254223606904841e-14,1.1978,0.0,-0.0289,-0.0,-0.0,-1543.12939,0.0,8198.03711,0.0
18.940000000000015,309.84,8.75,3.969,13.65849478238481,59.99999999999999,526.6413283294015,3.254223606904841e-14,-0.2067,0.0,-0.0277,-0.0,-0.0,-1833.67721,0.0,10031.71433,0.0
3.5,325.28,8.75,4.0,12.84416209273861,59.99999999999999,580.03421931144,3.254223606904841e-14,-3.6448,0.0,-0.0263,-0.0,-0.0,-1132.15803,0.0,11163.87236,0.0
0.0,328.78,8.75,4.0,12.659565951950935,59.99999999999999,592.487660514815,3.254223606904841e-14,-4.75,-0.0,-0.0259,-46.2077,-0.00039,11163.87236,0.0,11376.27273,0.0
