depth,dtb,radius,od,incl,hdng,x,y,dx,dy,dz,fx,fy,fz,friction,fn,fs
328.7799999999999,0.0,8.75,8.75,45.0,59.99999999999999,0.0,0.0,0.0,0.0,-0.0,-0.00997,-0.05519,-96.78642,0.0,-29903.21358,0.0
327.3399999999999,1.4400000000000002,8.75,4.75,44.91533878556637,59.99999999999999,0.012766609205401666,0.0,0.038,0.0,-0.0003,-0.0,-0.0,-287.159,0.0,-29616.05458,0.0
324.3399999999999,4.44,8.75,4.75,44.7389612554963,59.99999999999999,0.12137128960278336,0.0,0.0344,0.0,-0.001,-0.0,-0.0,-270.03923,0.0,-29346.01535,0.0
323.09999999999997,5.68,8.75,8.75,44.66605854306734,59.99999999999999,0.198630606900278,0.0,0.0,0.0,-0.0013,7324.22067,0.05753,-337.77701,0.0,-29008.23834,0.0
319.05999999999995,9.72,8.75,4.75,44.428536802572985,59.99999999999999,0.5816741863259776,0.0,-0.2374,-0.0,-0.0023,-0.0,-0.0,-538.34128,0.0,-28469.89706,0.0
315.31499999999994,13.465000000000002,8.75,4.75,44.20835885253552,59.99999999999998,1.1162376841624966,-6.971564895878653e-15,-0.5897,-0.0,-0.0031,-0.0,-0.0,-559.7644,0.0,-27910.13266,0.0
311.56999999999994,17.21,8.75,4.75,43.98818090249805,59.99999999999999,1.8234813796618492,-1.391564277537349e-14,-1.0232,-0.0,-0.004,-0.0,-0.0,-561.85271,0.0,-27348.27995,0.0
307.82499999999993,20.955000000000002,8.75,4.75,43.76800295246059,59.99999999999999,2.7033948287261413,-1.391564277537349e-14,-1.4984,-0.0,-0.0048,-0.0,-0.0,-563.93271,0.0,-26784.34724,0.0
304.0799999999999,24.700000000000003,8.75,4.75,43.547825002423124,59.99999999999999,3.7559650373870372,-1.391564277537349e-14,-1.9812,-0.0,-0.0056,-0.0,-0.0,-566.0044,0.0,-26218.34284,0.0
300.3349999999999,28.445000000000004,8.75,4.75,43.32764705238566,59.99999999999999,4.981176461997622,-1.391564277537349e-14,-2.4434,-0.0,-0.0064,-0.0,-0.0,-568.06772,0.0,-25650.27512,0.0
296.5899999999999,32.190000000000005,8.75,4.75,43.1074691023482,59.99999999999999,6.3790110094619505,-1.391564277537349e-14,-2.8622,-0.0,-0.0072,-0.0,-0.0,-570.12265,0.0,-25080.15247,0.0
292.84499999999997,35.935,8.75,4.75,42.88729115231073,59.99999999999999,7.949448037502208,-1.391564277537349e-14,-3.221,-0.0,-0.0079,-0.0,-0.0,-572.16917,0.0,-24507.9833,0.0
289.09999999999997,39.68,8.75,4.75,42.66711320227326,59.99999999999999,9.692464354963592,-1.391564277537349e-14,-3.5089,-0.0,-0.0087,-0.0,-0.0,-574.20723,0.0,-23933.77607,0.0
285.35499999999996,43.425000000000004,8.75,4.75,42.446935252235804,59.99999999999999,11.608034222156725,-1.391564277537349e-14,-3.7209,-0.0,-0.0094,-0.0,-0.0,-576.23682,0.0,-23357.53925,0.0
281.60999999999996,47.17000000000001,8.75,4.8125,42.22675730219834,59.99999999999999,13.69612935123781,-1.391564277537349e-14,-3.8578,-0.0,-0.0101,-0.0,-0.0,-593.94434,0.0,-22763.59491,0.0
277.73999999999995,51.04,8.75,4.8125,41.99923028840795,59.99999999999999,16.035147042976263,-1.391564277537349e-14,-3.9273,-0.0,-0.0108,-0.0,-0.0,-611.82318,0.0,-22151.77174,0.0
273.86999999999995,54.910000000000004,8.75,4.8125,41.771703274617565,59.99999999999999,18.558329422327336,-1.391564277537349e-14,-3.9375,-0.0,-0.0115,4607.97383,0.05783,-614.00592,0.0,-21537.76582,0.0
269.99999999999994,58.78000000000001,8.75,4.8125,41.54417626082718,59.99999999999999,21.26563669976723,-1.391564277537349e-14,-3.9011,-0.0001,-0.0122,-0.0,-0.0,-616.17897,0.0,-20921.58685,0.0
266.12999999999994,62.65000000000001,8.75,4.8125,41.31664924703679,59.99999999999999,24.15702618220006,-1.391564277537349e-14,-3.8084,-0.0001,-0.0129,-0.0,-0.0,-618.34232,0.0,-20303.24453,0.0
262.25999999999993,66.52000000000002,8.75,4.8125,41.08912223324641,59.99999999999999,27.232452273631033,-1.391564277537349e-14,-3.6487,-0.0001,-0.0136,-0.0,-0.0,-620.4959,0.0,-19682.74863,0.0
258.38999999999993,70.39000000000003,8.75,4.8125,40.86159521945602,59.99999999999999,30.49186647588555,-1.391564277537349e-14,-3.4169,-0.0001,-0.0142,-0.0,-0.0,-622.63971,0.0,-19060.10892,0.0
254.5199999999999,74.26000000000003,8.75,4.8125,40.634068205665635,59.99999999999999,33.93521738937396,-1.391564277537349e-14,-3.1138,-0.0001,-0.0148,-0.0,-0.0,-609.19212,0.0,-18450.9168,0.0
250.76874999999993,78.01125000000003,8.75,4.75,40.413522802440525,59.99999999999999,37.44841573566505,-1.391564277537349e-14,-2.758,-0.0001,-0.0154,-0.0,-0.0,-595.56693,0.0,-17855.34987,0.0
247.01749999999993,81.76250000000003,8.75,4.75,40.192977399215415,59.99999999999999,41.13433280796359,-1.391564277537349e-14,-2.3519,-0.0001,-0.016,-0.0,-0.0,-597.5145,0.0,-17257.83537,0.0
243.2662499999999,85.51375000000003,8.75,4.75,39.9724319959903,59.99999999999999,44.99291399330156,-1.391564277537349e-14,-1.9109,-0.0001,-0.0165,-0.0,-0.0,-599.45322,0.0,-16658.38215,0.0
239.51499999999987,89.26500000000004,8.75,4.75,39.75188659276518,59.99999999999999,49.02410212040604,-1.391564277537349e-14,-1.4554,-0.0001,-0.0171,-0.0,-0.0,-601.38306,0.0,-16056.99909,0.0
235.76374999999987,93.01625000000006,8.75,4.75,39.531341189540065,59.99999999999999,53.2278374605463,-1.391564277537349e-14,-1.0104,-0.0001,-0.0176,-0.0,-0.0,-603.30398,0.0,-15453.6951,0.0
232.0124999999999,96.76750000000006,8.75,4.75,39.31079578631495,59.99999999999999,57.60405772841879,-1.391564277537349e-14,-0.6053,-0.0,-0.0181,-0.0,-0.0,-605.21597,0.0,-14848.47913,0.0
228.26124999999988,100.51875000000007,8.75,4.75,39.09025038308984,59.99999999999999,62.15269808306998,-1.391564277537349e-14,-0.2741,-0.0,-0.0186,-0.0,-0.0,-607.11899,0.0,-14241.36014,0.0
224.50999999999985,104.27000000000008,8.75,4.75,38.86970497986472,59.99999999999999,66.87369112885712,-1.391564277537349e-14,-0.0547,-0.0,-0.0191,-0.0,-0.0,-434.8752,0.0,-13806.48494,0.0
222.63999999999987,106.14000000000009,8.75,8.75,38.75976298612104,59.99999999999999,69.29145975103245,-1.391564277537349e-14,0.0,-0.0,-0.0193,10571.61819,-0.14165,-391.01203,0.0,-13415.47291,0.0
218.90999999999985,109.87000000000008,8.75,4.75,38.54046692373392,59.99999999999999,74.24190096813622,-1.391564277537349e-14,-0.0142,0.0,-0.0197,-0.0,-0.0,-551.29293,0.0,-12864.17998,0.0
214.80571428571412,113.97428571428578,8.75,4.75,38.29916566473807,59.99999999999999,79.88579829803828,-1.391564277537349e-14,-0.1906,0.0001,-0.0202,-0.0,-0.0,-582.04617,0.0,-12282.13381,0.0
210.70142857142844,118.0785714285715,8.75,4.75,38.05786440574221,59.99999999999999,85.73570102584985,-1.391564277537349e-14,-0.495,0.0001,-0.0207,-0.0,-0.0,-583.97685,0.0,-11698.15696,0.0
206.59714285714276,122.1828571428572,8.75,4.75,37.816563146746354,59.99999999999999,91.79150539349403,-1.391564277537349e-14,-0.8898,0.0001,-0.0211,-0.0,-0.0,-585.89718,0.0,-11112.25978,0.0
202.49285714285702,126.28714285714291,8.75,4.75,37.57526188775049,59.99999999999999,98.05310399087456,-1.391564277537349e-14,-1.342,0.0002,-0.0216,-0.0,-0.0,-587.80712,0.0,-10524.45266,0.0
198.38857142857128,130.39142857142863,8.75,4.75,37.33396062875463,59.99999999999999,104.52038575778087,-1.391564277537349e-14,-1.8229,0.0002,-0.022,-0.0,-0.0,-589.70663,0.0,-9934.74604,0.0
194.2842857142856,134.49571428571434,8.75,4.75,37.09265936975878,59.99999999999999,111.19323598585798,-1.391564277537349e-14,-2.3087,0.0002,-0.0224,-0.0,-0.0,-591.59568,0.0,-9343.15036,0.0
190.17999999999992,138.60000000000005,8.75,4.75,36.85135811076292,59.99999999999999,118.07153632064099,-1.391564277537349e-14,-2.78,0.0002,-0.0228,-0.0,-0.0,-434.92612,0.0,-8908.22424,0.0
188.0699999999999,140.71000000000004,8.75,4.5625,36.72730591461364,59.99999999999998,121.68756702968062,-1.728261665474241e-14,-3.0115,0.0002,-0.023,-0.0,-0.0,-276.82585,0.0,-8631.39838,0.0
185.9599999999999,142.82000000000002,8.75,4.5625,36.60325371846435,59.99999999999999,125.35784810848504,-2.0639834255930502e-14,-3.2332,0.0003,-0.0232,-0.0,-0.0,-288.40949,0.0,-8342.9889,0.0
182.851111111111,145.9288888888889,8.75,3.9375,36.42047433730285,59.99999999999999,130.8644843182317,-2.0639834255930502e-14,-3.5387,0.0003,-0.0234,-0.0,-0.0,-300.25481,0.0,-8042.73409,0.0
179.74222222222215,149.0377777777778,8.75,3.9375,36.237694956141354,59.99999999999999,136.48880077583314,-2.0639834255930502e-14,-3.814,0.0003,-0.0237,-0.0,-0.0,-300.95999,0.0,-7741.77409,0.0
176.63333333333324,152.14666666666668,8.75,3.9375,36.05491557497985,59.99999999999999,142.23074024407092,-2.0639834255930502e-14,-4.0551,0.0003,-0.0239,-0.0,-0.0,-301.66211,0.0,-7440.11198,0.0
173.52444444444436,155.25555555555556,8.75,3.9375,35.87213619381835,59.99999999999998,148.0902442887074,-2.550462961097783e-14,-4.2601,0.0003,-0.0242,-0.0,-0.0,-302.36116,0.0,-7137.75082,0.0
170.41555555555547,158.36444444444444,8.75,3.9375,35.689356812656854,59.99999999999998,154.06725327908066,-3.034801129084255e-14,-4.4289,0.0003,-0.0244,-0.0,-0.0,-303.05714,0.0,-6834.69368,0.0
167.3066666666666,161.47333333333333,8.75,3.9375,35.50657743149535,59.99999999999998,160.1617063887112,-3.516993000567803e-14,-4.5637,0.0003,-0.0246,-0.0,-0.0,-303.75002,0.0,-6530.94366,0.0
164.1977777777777,164.5822222222222,8.75,3.9375,35.32379805033385,59.99999999999999,166.373541595921,-3.99703366840607e-14,-4.6683,0.0003,-0.0249,-0.0,-0.0,-304.43982,0.0,-6226.50384,0.0
161.08888888888882,167.6911111111111,8.75,3.9375,35.141018669172354,59.99999999999999,172.70269568446471,-3.99703366840607e-14,-4.7487,0.0003,-0.0251,-0.0,-0.0,-305.12652,0.0,-5921.37732,0.0
157.97999999999993,170.79999999999998,8.75,3.9375,34.95823928801085,59.99999999999999,179.14910424417297,-3.99703366840607e-14,-4.8125,0.0002,-0.0253,1428.09396,-0.07358,-297.52944,0.0,-5623.84787,0.0
154.7077777777777,174.07222222222222,8.75,3.7815,34.765857130212204,59.99999999999999,186.06077604371532,-3.99703366840607e-14,-4.8693,0.0002,-0.0255,-0.0,-0.0,-289.92613,0.0,-5333.92174,0.0
151.43555555555545,177.34444444444446,8.75,3.7815,34.57347497241356,59.99999999999999,193.10219587210665,-3.99703366840607e-14,-4.9142,0.0002,-0.0257,-0.0,-0.0,-290.60023,0.0,-5043.32151,0.0
148.1633333333332,180.6166666666667,8.75,3.7815,34.38109281461492,59.99999999999999,200.27328434330502,-3.99703366840607e-14,-4.9451,0.0002,-0.0258,-0.0,-0.0,-291.27105,0.0,-4752.05046,0.0
144.89111111111097,183.88888888888894,8.75,3.7815,34.18871065681627,59.99999999999999,207.5739606093645,-3.99703366840607e-14,-4.9624,0.0002,-0.026,-0.0,-0.0,-291.93858,0.0,-4460.11188,0.0
141.61888888888873,187.16111111111118,8.75,3.7815,33.99632849901762,59.99999999999999,215.00414236134645,-3.99703366840607e-14,-4.9685,0.0002,-0.0262,467.11627,-0.02254,-292.60282,0.0,-4167.50906,0.0
138.3466666666665,190.43333333333342,8.75,3.7815,33.80394634121898,59.99999999999999,222.5637458302477,-3.99703366840607e-14,-4.967,0.0002,-0.0263,-0.0,-0.0,-293.26377,0.0,-3874.24529,0.0
135.07444444444425,193.70555555555566,8.75,3.7815,33.611564183420334,59.99999999999999,230.25268578794487,-3.99703366840607e-14,-4.9593,0.0003,-0.0265,-0.0,-0.0,-293.92141,0.0,-3580.32388,0.0
131.802222222222,196.9777777777779,8.75,3.7815,33.41918202562169,59.99999999999999,238.07087554815527,-3.99703366840607e-14,-4.948,0.0003,-0.0266,-0.0,-0.0,-294.57573,0.0,-3285.74815,0.0
128.52999999999977,200.25000000000014,8.75,3.8125,33.22679986782304,59.99999999999999,246.0182269674142,-3.99703366840607e-14,-4.9375,0.0003,-0.0267,1120.83306,-0.06321,-289.55099,0.0,-2996.19716,0.0
125.4429999999998,203.33700000000013,8.75,3.8125,33.045307389380945,59.99999999999999,253.63404415358292,-3.99703366840607e-14,-4.9321,0.0003,-0.0268,-0.0,-0.0,-284.46286,0.0,-2711.7343,0.0
122.35599999999981,206.42400000000012,8.75,3.8125,32.86381491093884,59.99999999999999,261.3646584463534,-3.99703366840607e-14,-4.9277,0.0003,-0.0269,-0.0,-0.0,-285.04761,0.0,-2426.68669,0.0
119.26899999999982,209.5110000000001,8.75,3.8125,32.68232243249675,59.99999999999999,269.2099922771815,-3.99703366840607e-14,-4.9204,0.0003,-0.027,-0.0,-0.0,-285.6295,0.0,-2141.05719,0.0
116.18199999999983,212.5980000000001,8.75,3.8125,32.50082995405465,59.99999999999999,277.16996692643386,-3.99703366840607e-14,-4.9077,0.0004,-0.0271,-0.0,-0.0,-286.20853,0.0,-1854.84866,0.0
113.09499999999984,215.6850000000001,8.75,3.8125,32.31933747561255,59.99999999999999,285.24450252417756,-3.99703366840607e-14,-4.8885,0.0004,-0.0271,-0.0,-0.0,-286.78468,0.0,-1568.06398,0.0
110.00799999999985,218.77200000000008,8.75,3.8125,32.137844997170454,59.99999999999999,293.4335180509818,-3.99703366840607e-14,-4.863,0.0004,-0.0272,-0.0,-0.0,-287.35796,0.0,-1280.70603,0.0
106.92099999999986,221.85900000000007,8.75,3.8125,31.956352518728355,59.99999999999999,301.7369313387304,-3.99703366840607e-14,-4.8329,0.0005,-0.0272,-0.0,-0.0,-287.92835,0.0,-992.77768,0.0
103.83399999999988,224.94600000000005,8.75,3.8125,31.774860040286256,59.99999999999999,310.15465907144693,-3.99703366840607e-14,-4.801,0.0005,-0.0273,-0.0,-0.0,-288.49585,0.0,-704.28183,0.0
100.74699999999989,228.03300000000004,8.75,3.8125,31.593367561844158,59.99999999999999,318.68661678613,-3.99703366840607e-14,-4.7716,0.0006,-0.0273,-0.0,-0.0,-289.06046,0.0,-415.22137,0.0
97.6599999999999,231.12000000000003,8.75,4.0,31.41187508340206,59.99999999999999,327.33271887360127,-3.99703366840607e-14,-4.75,0.0006,-0.0273,1269.73685,-0.15994,-328.24005,0.0,-86.98132,0.0
94.20444444444433,234.5755555555556,8.75,4.0,31.208714298765795,59.99999999999999,337.1463685720243,-3.99703366840607e-14,-4.7403,0.0007,-0.0273,-0.0,-0.0,-367.65001,0.0,280.66869,0.0
90.74888888888877,238.03111111111116,8.75,4.0,31.00555351412953,59.99999999999999,347.1028128265001,-3.99703366840607e-14,-4.7408,0.0007,-0.0273,-0.0,-0.0,-368.43747,0.0,649.10616,0.0
87.29333333333322,241.4866666666667,8.75,4.0,30.802392729493267,59.99999999999999,357.2019264560595,-3.99703366840607e-14,-4.7455,0.0008,-0.0273,-0.0,-0.0,-369.2203,0.0,1018.32646,0.0
83.83777777777766,244.94222222222228,8.75,4.0,30.599231944857003,59.99999999999999,367.4435824859714,-3.99703366840607e-14,-4.7495,0.0008,-0.0273,-0.0,-0.0,-369.99848,0.0,1388.32494,0.0
80.3822222222221,248.39777777777783,8.75,4.0,30.39607116022074,59.99999999999999,377.8276521493392,-3.99703366840607e-14,-4.75,0.0009,-0.0272,463.15117,-0.08881,-370.77202,0.0,1759.09696,0.0
76.92666666666655,251.85333333333338,8.75,4.0,30.19291037558447,59.99999999999999,388.3540048887198,-3.99703366840607e-14,-4.7444,0.001,-0.0272,-0.0,-0.0,-371.54089,0.0,2130.63785,0.0
73.47111111111099,255.30888888888896,8.75,4.0,29.989749590948207,59.99999999999999,399.02250835776516,-3.99703366840607e-14,-4.7279,0.001,-0.0271,-0.0,-0.0,-372.30509,0.0,2502.94294,0.0
70.01555555555542,258.7644444444445,8.75,4.0,29.786588806311944,59.99999999999999,409.8330284228859,-3.99703366840607e-14,-4.6961,0.0011,-0.027,-0.0,-0.0,-373.06461,0.0,2876.00755,0.0
66.55999999999987,262.2200000000001,8.75,4.0,29.58342802167568,59.99999999999999,420.7854291649382,-3.99703366840607e-14,-4.646,0.0011,-0.0269,-0.0,-0.0,-356.53671,0.0,3232.54426,0.0
63.34199999999987,265.43800000000005,8.75,4.0,29.394233724420523,59.99999999999999,431.1123600467682,-3.99703366840607e-14,-4.5815,0.0012,-0.0269,-0.0,-0.0,-339.88809,0.0,3572.43235,0.0
60.123999999999874,268.65600000000006,8.75,4.0,29.205039427165367,59.99999999999999,441.5621026694221,-3.99703366840607e-14,-4.4994,0.0012,-0.0267,-0.0,-0.0,-340.51849,0.0,3912.95084,0.0
56.90599999999987,271.8740000000001,8.75,4.0,29.01584512991021,59.99999999999999,452.13454309295173,-3.99703366840607e-14,-4.4004,0.0012,-0.0266,-0.0,-0.0,-341.14518,0.0,4254.09602,0.0
53.687999999999874,275.09200000000004,8.75,4.0,28.826650832655055,59.99999999999999,462.82956603955955,-3.99703366840607e-14,-4.2861,0.0012,-0.0265,-0.0,-0.0,-341.76814,0.0,4595.86417,0.0
50.46999999999988,278.31000000000006,8.75,4.0,28.637456535399895,59.99999999999999,473.64705489485567,-3.99703366840607e-14,-4.1588,0.0012,-0.0264,-0.0,-0.0,-342.38738,0.0,4938.25155,0.0
47.251999999999875,281.5280000000001,8.75,4.0,28.448262238144736,59.99999999999999,484.5868917091293,-3.99703366840607e-14,-4.0217,0.0012,-0.0262,-0.0,-0.0,-343.00289,0.0,5281.25444,0.0
44.03399999999988,284.74600000000004,8.75,4.0,28.259067940889576,59.99999999999999,495.64895719863483,-3.99703366840607e-14,-3.8786,0.0012,-0.0261,-0.0,-0.0,-343.61466,0.0,5624.8691,0.0
40.81599999999988,287.96400000000006,8.75,4.0,28.069873643634413,59.99999999999999,506.8331307468926,-3.99703366840607e-14,-3.734,0.0012,-0.0259,-0.0,-0.0,-344.22268,0.0,5969.09177,0.0
37.59799999999988,291.1820000000001,8.75,4.0,27.880679346379253,59.99999999999999,518.1392904060039,-3.99703366840607e-14,-3.5933,0.0011,-0.0257,-0.0,-0.0,-344.82694,0.0,6313.91871,0.0
34.37999999999988,294.40000000000003,8.75,4.0,27.691485049124093,59.99999999999999,529.5673128979806,-3.99703366840607e-14,-3.4624,0.0011,-0.0255,-0.0,-0.0,-358.36986,0.0,6672.28858,0.0
30.948888888888785,297.83111111111117,8.75,3.969,27.48976141473285,59.99999999999999,541.8862488546432,-3.99703366840607e-14,-3.341,0.001,-0.0253,-0.0,-0.0,-371.99607,0.0,7044.28465,0.0
27.517777777777685,301.26222222222225,8.75,3.969,27.288037780341604,59.99999999999999,554.343428393937,-3.99703366840607e-14,-3.2466,0.0009,-0.0251,-0.0,-0.0,-372.67526,0.0,7416.95991,0.0
24.086666666666588,304.6933333333333,8.75,3.969,27.086314145950357,59.99999999999999,566.93869710154,-3.99703366840607e-14,-3.1886,0.0008,-0.0249,-0.0,-0.0,-373.34982,0.0,7790.30973,0.0
20.65555555555549,308.12444444444446,8.75,3.969,26.88459051155911,59.99999999999999,579.6718988514311,-3.99703366840607e-14,-3.177,0.0007,-0.0246,-0.0,-0.0,-374.01976,0.0,8164.32948,0.0
17.22444444444439,311.55555555555554,8.75,3.969,26.682866877167868,59.99999999999999,592.5428758078252,-3.99703366840607e-14,-3.2226,0.0006,-0.0244,-0.0,-0.0,-374.68506,0.0,8539.01454,0.0
13.793333333333294,314.9866666666666,8.75,3.969,26.48114324277662,59.99999999999999,605.5514684271296,-3.99703366840607e-14,-3.3371,0.0005,-0.0241,-0.0,-0.0,-375.34571,0.0,8914.36025,0.0
10.362222222222195,318.41777777777776,8.75,3.969,26.279419608385375,59.99999999999999,618.6975154599216,-3.99703366840607e-14,-3.5325,0.0004,-0.0238,-0.0,-0.0,-376.00171,0.0,9290.36196,0.0
6.931111111111098,321.84888888888884,8.75,3.969,26.07769597399413,59.99999999999999,631.9808539529475,-3.99703366840607e-14,-3.822,0.0003,-0.0235,-0.0,-0.0,-376.65306,0.0,9667.01502,0.0
3.5,325.2799999999999,8.75,4.0,25.875972339602885,59.99999999999999,645.4013192511425,-3.99703366840607e-14,-4.2191,0.0001,-0.0232,-0.0,-0.0,-286.58333,0.0,9953.59834,0.0
1.75,327.0299999999999,8.75,4.0,25.77308544706201,59.99999999999999,652.2990279646905,-3.99703366840607e-14,-4.4677,0.0001,-0.023,-0.0,-0.0,-196.03722,0.0,10149.63556,0.0
0.0,328.7799999999999,8.75,4.0,25.670198554521136,59.99999999999999,659.2323432916415,-3.99703366840607e-14,-4.75,0.0,-0.0229,1102.02138,-0.15172,10149.63556,0.0,10247.739,0.0
