depth,dtb,radius,od,incl,hdng,x,y,dx,dy,dz,fx,fy,fz,friction,fn,fs
328.7799999999999,0.0,8.75,8.75,59.99999999999999,59.99999999999999,0.0,0.0,0.0,0.0,-0.0,-15714.72984,-0.02171,-68.43834,0.0,-29931.56166,0.0
327.3399999999999,1.4400000000000002,8.75,4.75,59.99999999999999,59.99999999999999,0.0,0.0,0.0173,0.0,-0.0004,-0.0,-0.0,-202.75271,0.0,-29728.80896,0.0
324.3399999999999,4.44,8.75,4.75,59.99999999999999,59.99999999999999,0.0,0.0,0.0223,0.0,-0.0011,-0.0,-0.0,-190.08253,0.0,-29538.72643,0.0
323.09999999999997,5.68,8.75,8.75,59.99999999999999,59.99999999999999,0.0,0.0,0.0,0.0,-0.0014,23186.53185,0.02231,-237.46442,0.0,-29301.262,0.0
319.05999999999995,9.72,8.75,4.75,59.99999999999999,59.99999999999999,0.0,0.0,-0.2054,-0.0,-0.0024,-0.0,-0.0,-376.92417,0.0,-28924.33783,0.0
315.31499999999994,13.465000000000002,8.75,4.75,59.99999999999999,59.99999999999998,0.0,-8.64179431260774e-15,-0.54,-0.0,-0.0033,-0.0,-0.0,-390.45582,0.0,-28533.88201,0.0
311.56999999999994,17.21,8.75,4.75,59.99999999999999,59.99999999999999,0.0,-1.7283588625215476e-14,-0.9649,-0.0,-0.0042,-0.0,-0.0,-390.45582,0.0,-28143.4262,0.0
307.82499999999993,20.955000000000002,8.75,4.75,59.99999999999999,59.99999999999999,0.0,-1.7283588625215476e-14,-1.4382,-0.0,-0.0051,-0.0,-0.0,-390.45582,0.0,-27752.97038,0.0
304.0799999999999,24.700000000000003,8.75,4.75,59.99999999999999,59.99999999999999,0.0,-1.7283588625215476e-14,-1.9239,-0.0,-0.006,-0.0,-0.0,-390.45582,0.0,-27362.51457,0.0
300.3349999999999,28.445000000000004,8.75,4.75,59.99999999999999,59.99999999999999,0.0,-1.7283588625215476e-14,-2.3918,-0.0,-0.0069,-0.0,-0.0,-390.45582,0.0,-26972.05875,0.0
296.5899999999999,32.190000000000005,8.75,4.75,59.99999999999999,59.99999999999999,0.0,-1.7283588625215476e-14,-2.8177,-0.0,-0.0077,-0.0,-0.0,-390.45582,0.0,-26581.60294,0.0
292.84499999999997,35.935,8.75,4.75,59.99999999999999,59.99999999999999,0.0,-1.7283588625215476e-14,-3.1838,-0.0,-0.0086,-0.0,-0.0,-390.45582,0.0,-26191.14712,0.0
289.09999999999997,39.68,8.75,4.75,59.99999999999999,59.99999999999999,0.0,-1.7283588625215476e-14,-3.4785,-0.0,-0.0094,-0.0,-0.0,-390.45582,0.0,-25800.69131,0.0
285.35499999999996,43.425000000000004,8.75,4.75,59.99999999999999,59.99999999999999,0.0,-1.7283588625215476e-14,-3.6967,-0.0,-0.0103,-0.0,-0.0,-390.45582,0.0,-25410.23549,0.0
281.60999999999996,47.17000000000001,8.75,4.8125,59.99999999999999,59.99999999999999,0.0,-1.7283588625215476e-14,-3.8397,-0.0,-0.0111,-0.0,-0.0,-401.04774,0.0,-25009.18775,0.0
277.73999999999995,51.04,8.75,4.8125,59.99999999999999,59.99999999999999,0.0,-1.7283588625215476e-14,-3.9168,-0.0,-0.0119,-0.0,-0.0,-411.63967,0.0,-24597.54808,0.0
273.86999999999995,54.910000000000004,8.75,4.8125,59.99999999999999,59.99999999999999,0.0,-1.7283588625215476e-14,-3.9375,-0.0,-0.0128,5573.3731,0.02889,-411.63967,0.0,-24185.90842,0.0
269.99999999999994,58.78000000000001,8.75,4.8125,59.99999999999999,59.99999999999999,0.0,-1.7283588625215476e-14,-3.916,-0.0,-0.0136,-0.0,-0.0,-411.63967,0.0,-23774.26875,0.0
266.12999999999994,62.65000000000001,8.75,4.8125,59.99999999999999,59.99999999999999,0.0,-1.7283588625215476e-14,-3.8389,-0.0,-0.0144,-0.0,-0.0,-411.63967,0.0,-23362.62909,0.0
262.25999999999993,66.52000000000002,8.75,4.8125,59.99999999999999,59.99999999999999,0.0,-1.7283588625215476e-14,-3.6912,-0.0,-0.0152,-0.0,-0.0,-411.63967,0.0,-22950.98942,0.0
258.38999999999993,70.39000000000003,8.75,4.8125,59.99999999999999,59.99999999999999,0.0,-1.7283588625215476e-14,-3.4648,-0.0,-0.0159,-0.0,-0.0,-411.63967,0.0,-22539.34975,0.0
254.5199999999999,74.26000000000003,8.75,4.8125,59.99999999999999,59.99999999999999,0.0,-1.7283588625215476e-14,-3.1586,-0.0,-0.0167,-0.0,-0.0,-401.37356,0.0,-22137.9762,0.0
250.76874999999993,78.01125000000003,8.75,4.75,59.99999999999999,59.99999999999999,0.0,-1.7283588625215476e-14,-2.7914,-0.0,-0.0175,-0.0,-0.0,-391.10744,0.0,-21746.86875,0.0
247.01749999999993,81.76250000000003,8.75,4.75,59.99999999999999,59.99999999999999,0.0,-1.7283588625215476e-14,-2.3663,-0.0,-0.0182,-0.0,-0.0,-391.10744,0.0,-21355.76131,0.0
243.2662499999999,85.51375000000003,8.75,4.75,59.99999999999999,59.99999999999999,0.0,-1.7283588625215476e-14,-1.9013,-0.0,-0.0189,-0.0,-0.0,-391.10744,0.0,-20964.65387,0.0
239.51499999999987,89.26500000000004,8.75,4.75,59.99999999999999,59.99999999999999,0.0,-1.7283588625215476e-14,-1.4204,-0.0,-0.0196,-0.0,-0.0,-391.10744,0.0,-20573.54642,0.0
235.76374999999987,93.01625000000006,8.75,4.75,59.99999999999999,59.99999999999999,0.0,-1.7283588625215476e-14,-0.9535,-0.0,-0.0203,-0.0,-0.0,-391.10744,0.0,-20182.43898,0.0
232.0124999999999,96.76750000000006,8.75,4.75,59.99999999999999,59.99999999999999,0.0,-1.7283588625215476e-14,-0.5367,-0.0,-0.021,-0.0,-0.0,-391.10744,0.0,-19791.33153,0.0
228.26124999999988,100.51875000000007,8.75,4.75,59.99999999999999,59.99999999999999,0.0,-1.7283588625215476e-14,-0.2115,-0.0,-0.0216,-0.0,-0.0,-391.10744,0.0,-19400.22409,0.0
224.50999999999985,104.27000000000008,8.75,4.75,59.99999999999999,59.99999999999999,0.0,-1.7283588625215476e-14,-0.0251,-0.0,-0.0223,-0.0,-0.0,-279.27635,0.0,-19120.94774,0.0
222.63999999999987,106.14000000000009,8.75,8.75,59.99999999999999,59.99999999999999,0.0,-1.7283588625215476e-14,0.0,-0.0,-0.0226,13614.47602,-0.0624,-250.72016,0.0,-18870.22759,0.0
218.90999999999985,109.87000000000008,8.75,4.75,59.99999999999999,59.99999999999999,0.0,-1.7283588625215476e-14,-0.1016,0.0,-0.0233,-0.0,-0.0,-352.41324,0.0,-18517.81434,0.0
214.80571428571412,113.97428571428578,8.75,4.75,59.99999999999999,59.99999999999999,0.0,-1.7283588625215476e-14,-0.4059,0.0,-0.024,-0.0,-0.0,-370.83142,0.0,-18146.98292,0.0
210.70142857142844,118.0785714285715,8.75,4.75,59.99999999999999,59.99999999999999,0.0,-1.7283588625215476e-14,-0.8544,0.0,-0.0247,-0.0,-0.0,-370.83142,0.0,-17776.1515,0.0
206.59714285714276,122.1828571428572,8.75,4.75,59.99999999999999,59.99999999999999,0.0,-1.7283588625215476e-14,-1.3938,0.0,-0.0253,-0.0,-0.0,-370.83142,0.0,-17405.32008,0.0
202.49285714285702,126.28714285714291,8.75,4.75,59.99999999999999,59.99999999999999,0.0,-1.7283588625215476e-14,-1.9771,0.0001,-0.026,-0.0,-0.0,-370.83142,0.0,-17034.48866,0.0
198.38857142857128,130.39142857142863,8.75,4.75,59.99999999999999,59.99999999999999,0.0,-1.7283588625215476e-14,-2.5634,0.0001,-0.0267,-0.0,-0.0,-370.83142,0.0,-16663.65724,0.0
194.2842857142856,134.49571428571434,8.75,4.75,59.99999999999999,59.99999999999999,0.0,-1.7283588625215476e-14,-3.1189,0.0001,-0.0273,-0.0,-0.0,-370.83142,0.0,-16292.82582,0.0
190.17999999999992,138.60000000000005,8.75,4.75,59.99999999999999,59.99999999999999,0.0,-1.7283588625215476e-14,-3.6164,0.0001,-0.028,-0.0,-0.0,-271.76289,0.0,-16021.06293,0.0
188.0699999999999,140.71000000000004,8.75,4.5625,59.99999999999999,59.99999999999998,0.0,-2.215253014713865e-14,-3.8426,0.0001,-0.0283,-0.0,-0.0,-172.69436,0.0,-15848.36857,0.0
185.9599999999999,142.82000000000002,8.75,4.5625,59.99999999999999,59.99999999999999,0.0,-2.702147166906182e-14,-4.0461,0.0001,-0.0286,-0.0,-0.0,-179.6309,0.0,-15668.73767,0.0
182.851111111111,145.9288888888889,8.75,3.9375,59.99999999999999,59.99999999999999,0.0,-2.702147166906182e-14,-4.3012,0.0001,-0.0291,-0.0,-0.0,-186.56744,0.0,-15482.17023,0.0
179.74222222222215,149.0377777777778,8.75,3.9375,59.99999999999999,59.99999999999999,0.0,-2.702147166906182e-14,-4.5011,0.0001,-0.0296,-0.0,-0.0,-186.56744,0.0,-15295.60279,0.0
176.63333333333324,152.14666666666668,8.75,3.9375,59.99999999999999,59.99999999999999,0.0,-2.702147166906182e-14,-4.6466,0.0001,-0.03,-0.0,-0.0,-186.56744,0.0,-15109.03534,0.0
173.52444444444436,155.25555555555556,8.75,3.9375,59.99999999999999,59.99999999999998,0.0,-3.419540446439676e-14,-4.7416,0.0001,-0.0305,-0.0,-0.0,-186.56744,0.0,-14922.4679,0.0
170.41555555555547,158.36444444444444,8.75,3.9375,59.99999999999999,59.99999999999998,0.0,-4.13693372597317e-14,-4.7933,0.0001,-0.0309,-0.0,-0.0,-186.56744,0.0,-14735.90046,0.0
167.3066666666666,161.47333333333333,8.75,3.9375,59.99999999999999,59.99999999999998,0.0,-4.8543270055066636e-14,-4.8125,0.0001,-0.0314,228.72242,-0.0035,-186.56744,0.0,-14549.33301,0.0
164.1977777777777,164.5822222222222,8.75,3.9375,59.99999999999999,59.99999999999999,0.0,-5.571720285040157e-14,-4.8125,0.0001,-0.0318,463.18234,-0.00651,-186.56744,0.0,-14362.76557,0.0
161.08888888888882,167.6911111111111,8.75,3.9375,59.99999999999999,59.99999999999999,0.0,-5.571720285040157e-14,-4.8078,0.0001,-0.0322,-0.0,-0.0,-186.56744,0.0,-14176.19813,0.0
157.97999999999993,170.79999999999998,8.75,3.9375,59.99999999999999,59.99999999999999,0.0,-5.571720285040157e-14,-4.8125,0.0001,-0.0327,3506.00303,-0.0403,-181.5156,0.0,-13994.68253,0.0
154.7077777777777,174.07222222222222,8.75,3.7815,59.99999999999999,59.99999999999999,0.0,-5.571720285040157e-14,-4.8394,0.0,-0.0331,-0.0,-0.0,-176.46376,0.0,-13818.21876,0.0
151.43555555555545,177.34444444444446,8.75,3.7815,59.99999999999999,59.99999999999999,0.0,-5.571720285040157e-14,-4.8786,0.0,-0.0336,-0.0,-0.0,-176.46376,0.0,-13641.755,0.0
148.1633333333332,180.6166666666667,8.75,3.7815,59.99999999999999,59.99999999999999,0.0,-5.571720285040157e-14,-4.9176,0.0,-0.034,-0.0,-0.0,-176.46376,0.0,-13465.29124,0.0
144.89111111111097,183.88888888888894,8.75,3.7815,59.99999999999999,59.99999999999999,0.0,-5.571720285040157e-14,-4.9479,0.0,-0.0344,-0.0,-0.0,-176.46376,0.0,-13288.82748,0.0
141.61888888888873,187.16111111111118,8.75,3.7815,59.99999999999999,59.99999999999999,0.0,-5.571720285040157e-14,-4.9649,0.0,-0.0348,-0.0,-0.0,-176.46376,0.0,-13112.36371,0.0
138.3466666666665,190.43333333333342,8.75,3.7815,59.99999999999999,59.99999999999999,0.0,-5.571720285040157e-14,-4.9685,0.0,-0.0352,320.25805,-0.00162,-176.46376,0.0,-12935.89995,0.0
135.07444444444425,193.70555555555566,8.75,3.7815,59.99999999999999,59.99999999999999,0.0,-5.571720285040157e-14,-4.9617,0.0,-0.0357,-0.0,-0.0,-176.46376,0.0,-12759.43619,0.0
131.802222222222,196.9777777777779,8.75,3.7815,59.99999999999999,59.99999999999999,0.0,-5.571720285040157e-14,-4.9488,0.0,-0.0361,-0.0,-0.0,-176.46376,0.0,-12582.97243,0.0
128.52999999999977,200.25000000000014,8.75,3.8125,59.99999999999999,59.99999999999999,0.0,-5.571720285040157e-14,-4.9375,0.0,-0.0364,1909.11576,-0.00576,-173.07124,0.0,-12409.90118,0.0
125.4429999999998,203.33700000000013,8.75,3.8125,59.99999999999999,59.99999999999999,0.0,-5.571720285040157e-14,-4.9354,0.0,-0.0368,-0.0,-0.0,-169.67872,0.0,-12240.22246,0.0
122.35599999999981,206.42400000000012,8.75,3.8125,59.99999999999999,59.99999999999999,0.0,-5.571720285040157e-14,-4.937,0.0,-0.0372,-0.0,-0.0,-169.67872,0.0,-12070.54374,0.0
119.26899999999982,209.5110000000001,8.75,3.8125,59.99999999999999,59.99999999999999,0.0,-5.571720285040157e-14,-4.9375,0.0,-0.0375,671.11872,-0.00114,-169.67872,0.0,-11900.86501,0.0
116.18199999999983,212.5980000000001,8.75,3.8125,59.99999999999999,59.99999999999999,0.0,-5.571720285040157e-14,-4.9339,0.0,-0.0379,-0.0,-0.0,-169.67872,0.0,-11731.18629,0.0
113.09499999999984,215.6850000000001,8.75,3.8125,59.99999999999999,59.99999999999999,0.0,-5.571720285040157e-14,-4.9216,0.0,-0.0382,-0.0,-0.0,-169.67872,0.0,-11561.50757,0.0
110.00799999999985,218.77200000000008,8.75,3.8125,59.99999999999999,59.99999999999999,0.0,-5.571720285040157e-14,-4.898,0.0,-0.0386,-0.0,-0.0,-169.67872,0.0,-11391.82884,0.0
106.92099999999986,221.85900000000007,8.75,3.8125,59.99999999999999,59.99999999999999,0.0,-5.571720285040157e-14,-4.8636,0.0,-0.0389,-0.0,-0.0,-169.67872,0.0,-11222.15012,0.0
103.83399999999988,224.94600000000005,8.75,3.8125,59.99999999999999,59.99999999999999,0.0,-5.571720285040157e-14,-4.8224,0.0,-0.0392,-0.0,-0.0,-169.67872,0.0,-11052.4714,0.0
100.74699999999989,228.03300000000004,8.75,3.8125,59.99999999999999,59.99999999999999,0.0,-5.571720285040157e-14,-4.7811,0.0,-0.0395,-0.0,-0.0,-169.67872,0.0,-10882.79267,0.0
97.6599999999999,231.12000000000003,8.75,4.0,59.99999999999999,59.99999999999999,0.0,-5.571720285040157e-14,-4.75,0.0,-0.0399,2553.56891,-0.00092,-192.30349,0.0,-10690.48919,0.0
94.20444444444433,234.5755555555556,8.75,4.0,59.99999999999999,59.99999999999999,0.0,-5.571720285040157e-14,-4.7374,0.0,-0.0402,-0.0,-0.0,-214.92825,0.0,-10475.56094,0.0
90.74888888888877,238.03111111111116,8.75,4.0,59.99999999999999,59.99999999999999,0.0,-5.571720285040157e-14,-4.7392,0.0,-0.0406,-0.0,-0.0,-214.92825,0.0,-10260.6327,0.0
87.29333333333322,241.4866666666667,8.75,4.0,59.99999999999999,59.99999999999999,0.0,-5.571720285040157e-14,-4.7451,0.0,-0.0409,-0.0,-0.0,-214.92825,0.0,-10045.70445,0.0
83.83777777777766,244.94222222222228,8.75,4.0,59.99999999999999,59.99999999999999,0.0,-5.571720285040157e-14,-4.7491,0.0,-0.0412,-0.0,-0.0,-214.92825,0.0,-9830.7762,0.0
80.3822222222221,248.39777777777783,8.75,4.0,59.99999999999999,59.99999999999999,0.0,-5.571720285040157e-14,-4.75,0.0,-0.0415,600.10916,-0.00013,-214.92825,0.0,-9615.84795,0.0
76.92666666666655,251.85333333333338,8.75,4.0,59.99999999999999,59.99999999999999,0.0,-5.571720285040157e-14,-4.75,0.0,-0.0418,430.84613,-0.00011,-214.92825,0.0,-9400.91971,0.0
73.47111111111099,255.30888888888896,8.75,4.0,59.99999999999999,59.99999999999999,0.0,-5.571720285040157e-14,-4.75,0.0,-0.0422,356.57147,-0.0001,-214.92825,0.0,-9185.99146,0.0
70.01555555555542,258.7644444444445,8.75,4.0,59.99999999999999,59.99999999999999,0.0,-5.571720285040157e-14,-4.75,0.0,-0.0425,376.46812,-0.00012,-214.92825,0.0,-8971.06321,0.0
66.55999999999987,262.2200000000001,8.75,4.0,59.99999999999999,59.99999999999999,0.0,-5.571720285040157e-14,-4.75,0.0,-0.0427,353.95441,-0.00012,-204.99151,0.0,-8766.0717,0.0
63.34199999999987,265.43800000000005,8.75,4.0,59.99999999999999,59.99999999999999,0.0,-5.571720285040157e-14,-4.75,0.0,-0.043,337.9469,-0.00013,-195.05477,0.0,-8571.01693,0.0
60.123999999999874,268.65600000000006,8.75,4.0,59.99999999999999,59.99999999999999,0.0,-5.571720285040157e-14,-4.75,0.0,-0.0433,338.62202,-0.00014,-195.05477,0.0,-8375.96216,0.0
56.90599999999987,271.8740000000001,8.75,4.0,59.99999999999999,59.99999999999999,0.0,-5.571720285040157e-14,-4.75,0.0,-0.0435,334.63368,-0.00015,-195.05477,0.0,-8180.90739,0.0
53.687999999999874,275.09200000000004,8.75,4.0,59.99999999999999,59.99999999999999,0.0,-5.571720285040157e-14,-4.75,0.0,-0.0438,349.91185,-0.00016,-195.05477,0.0,-7985.85262,0.0
50.46999999999988,278.31000000000006,8.75,4.0,59.99999999999999,59.99999999999999,0.0,-5.571720285040157e-14,-4.75,0.0,-0.044,292.78773,-0.00014,-195.05477,0.0,-7790.79784,0.0
47.251999999999875,281.5280000000001,8.75,4.0,59.99999999999999,59.99999999999999,0.0,-5.571720285040157e-14,-4.75,0.0,-0.0442,506.0052,-0.00025,-195.05477,0.0,-7595.74307,0.0
44.03399999999988,284.74600000000004,8.75,4.0,59.99999999999999,59.99999999999999,0.0,-5.571720285040157e-14,-4.75,0.0,-0.0445,193.25945,-0.0001,-195.05477,0.0,-7400.6883,0.0
40.81599999999988,287.96400000000006,8.75,4.0,59.99999999999999,59.99999999999999,0.0,-5.571720285040157e-14,-4.7492,0.0,-0.0447,-0.0,-0.0,-195.05477,0.0,-7205.63353,0.0
37.59799999999988,291.1820000000001,8.75,4.0,59.99999999999999,59.99999999999999,0.0,-5.571720285040157e-14,-4.748,0.0,-0.0449,-0.0,-0.0,-195.05477,0.0,-7010.57876,0.0
34.37999999999988,294.40000000000003,8.75,4.0,59.99999999999999,59.99999999999999,0.0,-5.571720285040157e-14,-4.75,0.0,-0.0451,1855.83954,-0.00086,-202.36305,0.0,-6808.21571,0.0
30.948888888888785,297.83111111111117,8.75,3.969,59.99999999999999,59.99999999999999,0.0,-5.571720285040157e-14,-4.7597,0.0,-0.0454,-0.0,-0.0,-209.67133,0.0,-6598.54438,0.0
27.517777777777685,301.26222222222225,8.75,3.969,59.99999999999999,59.99999999999999,0.0,-5.571720285040157e-14,-4.771,0.0,-0.0456,-0.0,-0.0,-209.67133,0.0,-6388.87305,0.0
24.086666666666588,304.6933333333333,8.75,3.969,59.99999999999999,59.99999999999999,0.0,-5.571720285040157e-14,-4.7784,0.0,-0.0458,-0.0,-0.0,-209.67133,0.0,-6179.20173,0.0
20.65555555555549,308.12444444444446,8.75,3.969,59.99999999999999,59.99999999999999,0.0,-5.571720285040157e-14,-4.781,0.0,-0.046,718.52825,-0.00023,-209.67133,0.0,-5969.5304,0.0
17.22444444444439,311.55555555555554,8.75,3.969,59.99999999999999,59.99999999999999,0.0,-5.571720285040157e-14,-4.781,0.0,-0.0462,541.79887,-0.00015,-209.67133,0.0,-5759.85907,0.0
13.793333333333294,314.9866666666666,8.75,3.969,59.99999999999999,59.99999999999999,0.0,-5.571720285040157e-14,-4.778,0.0,-0.0463,-0.0,-0.0,-209.67133,0.0,-5550.18775,0.0
10.362222222222195,318.41777777777776,8.75,3.969,59.99999999999999,59.99999999999999,0.0,-5.571720285040157e-14,-4.77,0.0,-0.0465,-0.0,-0.0,-209.67133,0.0,-5340.51642,0.0
6.931111111111098,321.84888888888884,8.75,3.969,59.99999999999999,59.99999999999999,0.0,-5.571720285040157e-14,-4.7586,0.0,-0.0467,-0.0,-0.0,-209.67133,0.0,-5130.84509,0.0
3.5,325.2799999999999,8.75,4.0,59.99999999999999,59.99999999999999,0.0,-5.571720285040157e-14,-4.75,0.0,-0.0469,2199.71533,-0.00013,-159.25881,0.0,-4971.58628,0.0
1.75,327.0299999999999,8.75,4.0,59.99999999999999,59.99999999999999,0.0,-5.571720285040157e-14,-4.7492,0.0,-0.0469,-0.0,-0.0,-108.8463,0.0,-4862.73998,0.0
0.0,328.7799999999999,8.75,4.0,59.99999999999999,59.99999999999999,0.0,-5.571720285040157e-14,-4.75,-0.0,-0.047,-827.55075,-0.0004,-4862.73998,0.0,-4808.31683,0.0
