depth,dtb,radius,od,incl,hdng,x,y,dx,dy,dz,fx,fy,fz,friction,fn,fs
328.7799999999999,0.0,8.75,8.75,45.0,59.99999999999999,0.0,0.0,0.0,0.0,-0.0,-14630.92257,-0.04029,-96.78642,0.0,-34903.21358,0.0
327.3399999999999,1.4400000000000002,8.75,4.75,45.0,59.99999999999999,0.0,0.0,0.0161,0.0,-0.0004,-0.0,-0.0,-286.73563,0.0,-34616.47795,0.0
324.3399999999999,4.44,8.75,4.75,45.0,59.99999999999999,0.0,0.0,0.0207,0.0,-0.0013,-0.0,-0.0,-268.81729,0.0,-34347.66066,0.0
323.09999999999997,5.68,8.75,8.75,45.0,59.99999999999999,0.0,0.0,-0.0,0.0,-0.0016,21070.57684,0.04389,-335.82541,0.0,-34011.83525,0.0
319.05999999999995,9.72,8.75,4.75,45.0,59.99999999999999,0.0,0.0,-0.1913,-0.0,-0.0027,-0.0,-0.0,-533.05128,0.0,-33478.78397,0.0
315.31499999999994,13.465000000000002,8.75,4.75,45.0,59.99999999999998,0.0,-7.0559955093248876e-15,-0.5051,-0.0,-0.0038,-0.0,-0.0,-552.18791,0.0,-32926.59606,0.0
311.56999999999994,17.21,8.75,4.75,45.0,59.99999999999999,0.0,-1.4111991018649774e-14,-0.9074,-0.0,-0.0048,-0.0,-0.0,-552.18791,0.0,-32374.40815,0.0
307.82499999999993,20.955000000000002,8.75,4.75,45.0,59.99999999999999,0.0,-1.4111991018649774e-14,-1.3606,-0.0,-0.0058,-0.0,-0.0,-552.18791,0.0,-31822.22024,0.0
304.0799999999999,24.700000000000003,8.75,4.75,45.0,59.99999999999999,0.0,-1.4111991018649774e-14,-1.8319,-0.0,-0.0068,-0.0,-0.0,-552.18791,0.0,-31270.03233,0.0
300.3349999999999,28.445000000000004,8.75,4.75,45.0,59.99999999999999,0.0,-1.4111991018649774e-14,-2.2929,-0.0,-0.0078,-0.0,-0.0,-552.18791,0.0,-30717.84442,0.0
296.5899999999999,32.190000000000005,8.75,4.75,45.0,59.99999999999999,0.0,-1.4111991018649774e-14,-2.7204,-0.0,-0.0087,-0.0,-0.0,-552.18791,0.0,-30165.65651,0.0
292.84499999999997,35.935,8.75,4.75,45.0,59.99999999999999,0.0,-1.4111991018649774e-14,-3.0962,-0.0,-0.0097,-0.0,-0.0,-552.18791,0.0,-29613.4686,0.0
289.09999999999997,39.68,8.75,4.75,45.0,59.99999999999999,0.0,-1.4111991018649774e-14,-3.4075,-0.0,-0.0106,-0.0,-0.0,-552.18791,0.0,-29061.28069,0.0
285.35499999999996,43.425000000000004,8.75,4.75,45.0,59.99999999999999,0.0,-1.4111991018649774e-14,-3.6467,-0.0,-0.0115,-0.0,-0.0,-552.18791,0.0,-28509.09278,0.0
281.60999999999996,47.17000000000001,8.75,4.8125,45.0,59.99999999999999,0.0,-1.4111991018649774e-14,-3.8117,-0.0,-0.0124,-0.0,-0.0,-567.16715,0.0,-27941.92563,0.0
277.73999999999995,51.04,8.75,4.8125,45.0,59.99999999999999,0.0,-1.4111991018649774e-14,-3.9078,-0.0,-0.0133,-0.0,-0.0,-582.1464,0.0,-27359.77923,0.0
273.86999999999995,54.910000000000004,8.75,4.8125,45.0,59.99999999999999,0.0,-1.4111991018649774e-14,-3.9375,-0.0,-0.0142,3892.86814,0.02981,-582.1464,0.0,-26777.63283,0.0
269.99999999999994,58.78000000000001,8.75,4.8125,45.0,59.99999999999999,0.0,-1.4111991018649774e-14,-3.9104,-0.0,-0.0151,-0.0,-0.0,-582.1464,0.0,-26195.48643,0.0
266.12999999999994,62.65000000000001,8.75,4.8125,45.0,59.99999999999999,0.0,-1.4111991018649774e-14,-3.8175,-0.0,-0.016,-0.0,-0.0,-582.1464,0.0,-25613.34003,0.0
262.25999999999993,66.52000000000002,8.75,4.8125,45.0,59.99999999999999,0.0,-1.4111991018649774e-14,-3.65,-0.0,-0.0168,-0.0,-0.0,-582.1464,0.0,-25031.19364,0.0
258.38999999999993,70.39000000000003,8.75,4.8125,45.0,59.99999999999999,0.0,-1.4111991018649774e-14,-3.4046,-0.0,-0.0177,-0.0,-0.0,-582.1464,0.0,-24449.04724,0.0
254.5199999999999,74.26000000000003,8.75,4.8125,45.0,59.99999999999999,0.0,-1.4111991018649774e-14,-3.084,-0.0,-0.0185,-0.0,-0.0,-567.62793,0.0,-23881.41931,0.0
250.76874999999993,78.01125000000003,8.75,4.75,45.0,59.99999999999999,0.0,-1.4111991018649774e-14,-2.7093,-0.0,-0.0193,-0.0,-0.0,-553.10945,0.0,-23328.30986,0.0
247.01749999999993,81.76250000000003,8.75,4.75,45.0,59.99999999999999,0.0,-1.4111991018649774e-14,-2.2845,-0.0,-0.02,-0.0,-0.0,-553.10945,0.0,-22775.20041,0.0
243.2662499999999,85.51375000000003,8.75,4.75,45.0,59.99999999999999,0.0,-1.4111991018649774e-14,-1.8275,-0.0,-0.0208,-0.0,-0.0,-553.10945,0.0,-22222.09096,0.0
239.51499999999987,89.26500000000004,8.75,4.75,45.0,59.99999999999999,0.0,-1.4111991018649774e-14,-1.3611,-0.0,-0.0215,-0.0,-0.0,-553.10945,0.0,-21668.9815,0.0
235.76374999999987,93.01625000000006,8.75,4.75,45.0,59.99999999999999,0.0,-1.4111991018649774e-14,-0.9131,-0.0,-0.0222,-0.0,-0.0,-553.10945,0.0,-21115.87205,0.0
232.0124999999999,96.76750000000006,8.75,4.75,45.0,59.99999999999999,0.0,-1.4111991018649774e-14,-0.516,-0.0,-0.0229,-0.0,-0.0,-553.10945,0.0,-20562.7626,0.0
228.26124999999988,100.51875000000007,8.75,4.75,45.0,59.99999999999999,0.0,-1.4111991018649774e-14,-0.2069,-0.0,-0.0236,-0.0,-0.0,-553.10945,0.0,-20009.65315,0.0
224.50999999999985,104.27000000000008,8.75,4.75,45.0,59.99999999999999,0.0,-1.4111991018649774e-14,-0.0272,-0.0,-0.0243,-0.0,-0.0,-394.9564,0.0,-19614.69675,0.0
222.63999999999987,106.14000000000009,8.75,8.75,45.0,59.99999999999999,0.0,-1.4111991018649774e-14,0.0,-0.0,-0.0246,11740.9438,-0.06843,-354.57185,0.0,-19260.12491,0.0
218.90999999999985,109.87000000000008,8.75,4.75,45.0,59.99999999999999,0.0,-1.4111991018649774e-14,-0.0843,0.0,-0.0253,-0.0,-0.0,-498.38759,0.0,-18761.73732,0.0
214.80571428571412,113.97428571428578,8.75,4.75,45.0,59.99999999999999,0.0,-1.4111991018649774e-14,-0.3549,0.0,-0.026,-0.0,-0.0,-524.43483,0.0,-18237.30249,0.0
210.70142857142844,118.0785714285715,8.75,4.75,45.0,59.99999999999999,0.0,-1.4111991018649774e-14,-0.7621,0.0,-0.0267,-0.0,-0.0,-524.43483,0.0,-17712.86767,0.0
206.59714285714276,122.1828571428572,8.75,4.75,45.0,59.99999999999999,0.0,-1.4111991018649774e-14,-1.2594,0.0001,-0.0274,-0.0,-0.0,-524.43483,0.0,-17188.43284,0.0
202.49285714285702,126.28714285714291,8.75,4.75,45.0,59.99999999999999,0.0,-1.4111991018649774e-14,-1.805,0.0001,-0.028,-0.0,-0.0,-524.43483,0.0,-16663.99802,0.0
198.38857142857128,130.39142857142863,8.75,4.75,45.0,59.99999999999999,0.0,-1.4111991018649774e-14,-2.3625,0.0001,-0.0287,-0.0,-0.0,-524.43483,0.0,-16139.56319,0.0
194.2842857142856,134.49571428571434,8.75,4.75,45.0,59.99999999999999,0.0,-1.4111991018649774e-14,-2.9008,0.0001,-0.0293,-0.0,-0.0,-524.43483,0.0,-15615.12837,0.0
190.17999999999992,138.60000000000005,8.75,4.75,45.0,59.99999999999999,0.0,-1.4111991018649774e-14,-3.3947,0.0001,-0.0299,-0.0,-0.0,-384.33076,0.0,-15230.7976,0.0
188.0699999999999,140.71000000000004,8.75,4.5625,45.0,59.99999999999998,0.0,-1.808746512403708e-14,-3.6245,0.0001,-0.0303,-0.0,-0.0,-244.2267,0.0,-14986.5709,0.0
185.9599999999999,142.82000000000002,8.75,4.5625,45.0,59.99999999999999,0.0,-2.206293922942439e-14,-3.8351,0.0001,-0.0306,-0.0,-0.0,-254.03645,0.0,-14732.53445,0.0
182.851111111111,145.9288888888889,8.75,3.9375,45.0,59.99999999999999,0.0,-2.206293922942439e-14,-4.1071,0.0001,-0.031,-0.0,-0.0,-263.84621,0.0,-14468.68824,0.0
179.74222222222215,149.0377777777778,8.75,3.9375,45.0,59.99999999999999,0.0,-2.206293922942439e-14,-4.3307,0.0001,-0.0315,-0.0,-0.0,-263.84621,0.0,-14204.84203,0.0
176.63333333333324,152.14666666666668,8.75,3.9375,45.0,59.99999999999999,0.0,-2.206293922942439e-14,-4.5048,0.0001,-0.0319,-0.0,-0.0,-263.84621,0.0,-13940.99583,0.0
173.52444444444436,155.25555555555556,8.75,3.9375,45.0,59.99999999999998,0.0,-2.792043082862065e-14,-4.6317,0.0001,-0.0323,-0.0,-0.0,-263.84621,0.0,-13677.14962,0.0
170.41555555555547,158.36444444444444,8.75,3.9375,45.0,59.99999999999998,0.0,-3.377792242781691e-14,-4.7158,0.0001,-0.0328,-0.0,-0.0,-263.84621,0.0,-13413.30341,0.0
167.3066666666666,161.47333333333333,8.75,3.9375,45.0,59.99999999999998,0.0,-3.9635414027013173e-14,-4.7646,0.0001,-0.0332,-0.0,-0.0,-263.84621,0.0,-13149.4572,0.0
164.1977777777777,164.5822222222222,8.75,3.9375,45.0,59.99999999999999,0.0,-4.5492905626209435e-14,-4.7881,0.0001,-0.0336,-0.0,-0.0,-263.84621,0.0,-12885.61099,0.0
161.08888888888882,167.6911111111111,8.75,3.9375,45.0,59.99999999999999,0.0,-4.5492905626209435e-14,-4.799,0.0001,-0.034,-0.0,-0.0,-263.84621,0.0,-12621.76479,0.0
157.97999999999993,170.79999999999998,8.75,3.9375,45.0,59.99999999999999,0.0,-4.5492905626209435e-14,-4.8125,0.0001,-0.0344,3329.0604,-0.05327,-256.70183,0.0,-12365.06296,0.0
154.7077777777777,174.07222222222222,8.75,3.7815,45.0,59.99999999999999,0.0,-4.5492905626209435e-14,-4.8429,0.0001,-0.0348,-0.0,-0.0,-249.55745,0.0,-12115.50551,0.0
151.43555555555545,177.34444444444446,8.75,3.7815,45.0,59.99999999999999,0.0,-4.5492905626209435e-14,-4.8822,0.0001,-0.0352,-0.0,-0.0,-249.55745,0.0,-11865.94807,0.0
148.1633333333332,180.6166666666667,8.75,3.7815,45.0,59.99999999999999,0.0,-4.5492905626209435e-14,-4.9199,0.0001,-0.0355,-0.0,-0.0,-249.55745,0.0,-11616.39062,0.0
144.89111111111097,183.88888888888894,8.75,3.7815,45.0,59.99999999999999,0.0,-4.5492905626209435e-14,-4.9488,0.0001,-0.0359,-0.0,-0.0,-249.55745,0.0,-11366.83317,0.0
141.61888888888873,187.16111111111118,8.75,3.7815,45.0,59.99999999999999,0.0,-4.5492905626209435e-14,-4.9652,0.0,-0.0363,-0.0,-0.0,-249.55745,0.0,-11117.27573,0.0
138.3466666666665,190.43333333333342,8.75,3.7815,45.0,59.99999999999999,0.0,-4.5492905626209435e-14,-4.9685,0.0,-0.0366,134.36133,-0.0011,-249.55745,0.0,-10867.71828,0.0
135.07444444444425,193.70555555555566,8.75,3.7815,45.0,59.99999999999999,0.0,-4.5492905626209435e-14,-4.9613,0.0,-0.037,-0.0,-0.0,-249.55745,0.0,-10618.16084,0.0
131.802222222222,196.9777777777779,8.75,3.7815,45.0,59.99999999999999,0.0,-4.5492905626209435e-14,-4.9484,0.0,-0.0373,-0.0,-0.0,-249.55745,0.0,-10368.60339,0.0
128.52999999999977,200.25000000000014,8.75,3.8125,45.0,59.99999999999999,0.0,-4.5492905626209435e-14,-4.9375,0.0,-0.0377,1793.63194,-0.00993,-244.7597,0.0,-10123.84369,0.0
125.4429999999998,203.33700000000013,8.75,3.8125,45.0,59.99999999999999,0.0,-4.5492905626209435e-14,-4.9357,0.0,-0.038,-0.0,-0.0,-239.96195,0.0,-9883.88174,0.0
122.35599999999981,206.42400000000012,8.75,3.8125,45.0,59.99999999999999,0.0,-4.5492905626209435e-14,-4.9375,0.0,-0.0383,32.82615,-0.00014,-239.96195,0.0,-9643.91979,0.0
119.26899999999982,209.5110000000001,8.75,3.8125,45.0,59.99999999999999,0.0,-4.5492905626209435e-14,-4.9375,0.0,-0.0386,325.52496,-0.00121,-239.96195,0.0,-9403.95784,0.0
116.18199999999983,212.5980000000001,8.75,3.8125,45.0,59.99999999999999,0.0,-4.5492905626209435e-14,-4.932,0.0,-0.0388,-0.0,-0.0,-239.96195,0.0,-9163.99588,0.0
113.09499999999984,215.6850000000001,8.75,3.8125,45.0,59.99999999999999,0.0,-4.5492905626209435e-14,-4.9175,0.0,-0.0391,-0.0,-0.0,-239.96195,0.0,-8924.03393,0.0
110.00799999999985,218.77200000000008,8.75,3.8125,45.0,59.99999999999999,0.0,-4.5492905626209435e-14,-4.8925,0.0,-0.0394,-0.0,-0.0,-239.96195,0.0,-8684.07198,0.0
106.92099999999986,221.85900000000007,8.75,3.8125,45.0,59.99999999999999,0.0,-4.5492905626209435e-14,-4.8582,0.0,-0.0396,-0.0,-0.0,-239.96195,0.0,-8444.11003,0.0
103.83399999999988,224.94600000000005,8.75,3.8125,45.0,59.99999999999999,0.0,-4.5492905626209435e-14,-4.8184,0.0,-0.0399,-0.0,-0.0,-239.96195,0.0,-8204.14808,0.0
100.74699999999989,228.03300000000004,8.75,3.8125,45.0,59.99999999999999,0.0,-4.5492905626209435e-14,-4.7793,0.0,-0.0401,-0.0,-0.0,-239.96195,0.0,-7964.18613,0.0
97.6599999999999,231.12000000000003,8.75,4.0,45.0,59.99999999999999,0.0,-4.5492905626209435e-14,-4.75,0.0,-0.0404,2195.4921,-0.00324,-271.9582,0.0,-7692.22793,0.0
94.20444444444433,234.5755555555556,8.75,4.0,45.0,59.99999999999999,0.0,-4.5492905626209435e-14,-4.7375,0.0,-0.0406,-0.0,-0.0,-303.95444,0.0,-7388.27349,0.0
90.74888888888877,238.03111111111116,8.75,4.0,45.0,59.99999999999999,0.0,-4.5492905626209435e-14,-4.7386,0.0,-0.0408,-0.0,-0.0,-303.95444,0.0,-7084.31904,0.0
87.29333333333322,241.4866666666667,8.75,4.0,45.0,59.99999999999999,0.0,-4.5492905626209435e-14,-4.7441,0.0,-0.0411,-0.0,-0.0,-303.95444,0.0,-6780.3646,0.0
83.83777777777766,244.94222222222228,8.75,4.0,45.0,59.99999999999999,0.0,-4.5492905626209435e-14,-4.7485,0.0,-0.0413,-0.0,-0.0,-303.95444,0.0,-6476.41016,0.0
80.3822222222221,248.39777777777783,8.75,4.0,45.0,59.99999999999999,0.0,-4.5492905626209435e-14,-4.75,0.0,-0.0415,317.51259,-0.00029,-303.95444,0.0,-6172.45572,0.0
76.92666666666655,251.85333333333338,8.75,4.0,45.0,59.99999999999999,0.0,-4.5492905626209435e-14,-4.75,0.0,-0.0417,494.89059,-0.00043,-303.95444,0.0,-5868.50128,0.0
73.47111111111099,255.30888888888896,8.75,4.0,45.0,59.99999999999999,0.0,-4.5492905626209435e-14,-4.75,0.0,-0.0419,252.78925,-0.00021,-303.95444,0.0,-5564.54683,0.0
70.01555555555542,258.7644444444445,8.75,4.0,45.0,59.99999999999999,0.0,-4.5492905626209435e-14,-4.75,0.0,-0.0421,317.68039,-0.00027,-303.95444,0.0,-5260.59239,0.0
66.55999999999987,262.2200000000001,8.75,4.0,45.0,59.99999999999999,0.0,-4.5492905626209435e-14,-4.75,0.0,-0.0423,286.18423,-0.00024,-289.90177,0.0,-4970.69062,0.0
63.34199999999987,265.43800000000005,8.75,4.0,45.0,59.99999999999999,0.0,-4.5492905626209435e-14,-4.75,0.0,-0.0424,276.66976,-0.00023,-275.8491,0.0,-4694.84152,0.0
60.123999999999874,268.65600000000006,8.75,4.0,45.0,59.99999999999999,0.0,-4.5492905626209435e-14,-4.75,0.0,-0.0426,276.55769,-0.00024,-275.8491,0.0,-4418.99241,0.0
56.90599999999987,271.8740000000001,8.75,4.0,45.0,59.99999999999999,0.0,-4.5492905626209435e-14,-4.75,0.0,-0.0427,272.19413,-0.00023,-275.8491,0.0,-4143.14331,0.0
53.687999999999874,275.09200000000004,8.75,4.0,45.0,59.99999999999999,0.0,-4.5492905626209435e-14,-4.75,0.0,-0.0428,289.76032,-0.00025,-275.8491,0.0,-3867.29421,0.0
50.46999999999988,278.31000000000006,8.75,4.0,45.0,59.99999999999999,0.0,-4.5492905626209435e-14,-4.75,0.0,-0.0429,223.85948,-0.00019,-275.8491,0.0,-3591.4451,0.0
47.251999999999875,281.5280000000001,8.75,4.0,45.0,59.99999999999999,0.0,-4.5492905626209435e-14,-4.75,0.0,-0.0431,469.89528,-0.0004,-275.8491,0.0,-3315.596,0.0
44.03399999999988,284.74600000000004,8.75,4.0,45.0,59.99999999999999,0.0,-4.5492905626209435e-14,-4.75,0.0,-0.0432,70.8965,-6.0e-5,-275.8491,0.0,-3039.7469,0.0
40.81599999999988,287.96400000000006,8.75,4.0,45.0,59.99999999999999,0.0,-4.5492905626209435e-14,-4.7491,0.0,-0.0433,-0.0,-0.0,-275.8491,0.0,-2763.89779,0.0
37.59799999999988,291.1820000000001,8.75,4.0,45.0,59.99999999999999,0.0,-4.5492905626209435e-14,-4.748,0.0,-0.0433,-0.0,-0.0,-275.8491,0.0,-2488.04869,0.0
34.37999999999988,294.40000000000003,8.75,4.0,45.0,59.99999999999999,0.0,-4.5492905626209435e-14,-4.75,0.0,-0.0434,1602.91119,-0.00118,-286.18457,0.0,-2201.86412,0.0
30.948888888888785,297.83111111111117,8.75,3.969,45.0,59.99999999999999,0.0,-4.5492905626209435e-14,-4.7591,0.0,-0.0435,-0.0,-0.0,-296.52003,0.0,-1905.34409,0.0
27.517777777777685,301.26222222222225,8.75,3.969,45.0,59.99999999999999,0.0,-4.5492905626209435e-14,-4.7701,0.0,-0.0435,-0.0,-0.0,-296.52003,0.0,-1608.82405,0.0
24.086666666666588,304.6933333333333,8.75,3.969,45.0,59.99999999999999,0.0,-4.5492905626209435e-14,-4.7778,0.0,-0.0436,-0.0,-0.0,-296.52003,0.0,-1312.30402,0.0
20.65555555555549,308.12444444444446,8.75,3.969,45.0,59.99999999999999,0.0,-4.5492905626209435e-14,-4.781,0.0,-0.0436,553.53435,-0.00028,-296.52003,0.0,-1015.78398,0.0
17.22444444444439,311.55555555555554,8.75,3.969,45.0,59.99999999999999,0.0,-4.5492905626209435e-14,-4.781,0.0,-0.0437,377.62133,-0.00016,-296.52003,0.0,-719.26395,0.0
13.793333333333294,314.9866666666666,8.75,3.969,45.0,59.99999999999999,0.0,-4.5492905626209435e-14,-4.7774,0.0,-0.0437,-0.0,-0.0,-296.52003,0.0,-422.74391,0.0
10.362222222222195,318.41777777777776,8.75,3.969,45.0,59.99999999999999,0.0,-4.5492905626209435e-14,-4.7691,0.0,-0.0437,-0.0,-0.0,-296.52003,0.0,-126.22388,0.0
6.931111111111098,321.84888888888884,8.75,3.969,45.0,59.99999999999999,0.0,-4.5492905626209435e-14,-4.7581,0.0,-0.0437,-0.0,-0.0,-296.52003,0.0,170.29616,0.0
3.5,325.2799999999999,8.75,4.0,45.0,59.99999999999999,0.0,-4.5492905626209435e-14,-4.75,0.0,-0.0437,1955.98258,-0.00018,-225.22597,0.0,395.52213,0.0
1.75,327.0299999999999,8.75,4.0,45.0,59.99999999999999,0.0,-4.5492905626209435e-14,-4.7493,0.0,-0.0437,-0.0,-0.0,-153.93191,0.0,549.45404,0.0
0.0,328.7799999999999,8.75,4.0,45.0,59.99999999999999,0.0,-4.5492905626209435e-14,-4.75,0.0,-0.0437,-785.48039,-0.00055,549.45404,0.0,626.42,0.0
