depth,dtb,radius,od,incl,hdng,x,y,dx,dy,dz,fx,fy,fz,friction,fn,fs
399.48999999999984,0.0,8.75,6.25,40.0,59.99999999999999,0.0,0.0,-2.5,0.0014,-0.0,1400.79996,-0.78367,-48.97865,0.0,-19951.02135,0.0
398.48999999999984,1.0,8.75,3.9375,40.0,59.99999999999999,0.0,0.0,-2.5438,0.0014,-0.0002,-0.0,-0.0,-134.02513,0.0,-19816.99622,0.0
396.6399999999999,2.85,8.75,6.125,40.0,59.99999999999999,0.0,0.0,-2.6233,0.0013,-0.0006,-0.0,-0.0,-264.33366,0.0,-19552.66256,0.0
392.73999999999984,6.75,8.75,4.0,40.0,59.99999999999999,0.0,0.0,-2.7745,0.0011,-0.0013,-0.0,-0.0,-963.03787,0.0,-18589.62469,0.0
378.48499999999984,21.005,8.749999999999998,4.0,40.0,59.99999999999999,0.0,0.0,-2.9722,0.0006,-0.004,-0.0,-0.0,-1567.50139,0.0,-17022.1233,0.0
364.22999999999985,35.26,8.75,4.0,40.0,59.99999999999999,0.0,0.0,-2.6596,0.0002,-0.0065,-0.0,-0.0,-878.58793,0.0,-16143.53536,0.0
362.45999999999987,37.03,8.75,6.125,40.0,59.99999999999999,0.0,0.0,-2.625,0.0001,-0.0067,3116.97217,-0.17544,-297.37101,0.0,-15846.16436,0.0
358.67999999999984,40.81,8.75,4.4375,40.0,59.99999999999999,0.0,0.0,-2.5781,0.0001,-0.0073,-0.0,-0.0,-372.44592,0.0,-15473.71844,0.0
356.17999999999984,43.31,8.75,4.4375,40.0,59.99999999999999,0.0,0.0,-2.5619,0.0,-0.0077,-0.0,-0.0,-760.70414,0.0,-14713.0143,0.0
343.67999999999984,55.81,8.75,4.4375,40.0,59.99999999999999,0.0,0.0,-2.5582,-0.0001,-0.0096,-0.0,-0.0,-1181.58397,0.0,-13531.43033,0.0
331.17999999999984,68.31,8.75,6.125,40.0,59.99999999999999,0.0,0.0,-2.625,-0.0001,-0.0113,2785.44222,0.1073,-1263.34958,0.0,-12268.08076,0.0
316.9499999999999,82.54,8.75,4.4375,40.0,59.99999999999999,0.0,0.0,-2.8627,-0.0001,-0.013,-0.0,-0.0,-839.75115,0.0,-11428.3296,0.0
314.48999999999984,85.0,8.75,4.4375,40.0,59.99999999999999,0.0,0.0,-2.8822,-0.0001,-0.0132,-0.0,-0.0,-1056.92477,0.0,-10371.40484,0.0
299.64999999999986,99.83999999999999,8.75,4.1565,40.0,59.99999999999999,0.0,0.0,-2.7366,-0.0,-0.0147,-0.0,-0.0,-1779.46241,0.0,-8591.94242,0.0
284.8099999999999,114.67999999999999,8.75,4.1565,40.0,59.99999999999999,0.0,0.0,-2.5882,-0.0,-0.0159,-0.0,-0.0,-967.42273,0.0,-7624.51969,0.0
283.35999999999984,116.13,8.75,6.125,40.0,59.99999999999999,0.0,0.0,-2.625,-0.0,-0.0161,4802.11642,0.01813,-278.61788,0.0,-7345.90181,0.0
279.60999999999984,119.88,8.75,4.1565,40.0,59.99999999999999,0.0,0.0,-2.7876,-0.0,-0.0163,-0.0,-0.0,-1088.85891,0.0,-6257.0429,0.0
264.7999999999999,134.69,8.75,4.1565,40.0,59.99999999999999,0.0,0.0,-3.8466,0.0,-0.0172,-0.0,-0.0,-1775.86512,0.0,-4481.17779,0.0
249.98999999999987,149.5,8.75,4.1565,40.0,59.99999999999999,0.0,0.0,-4.5935,0.0,-0.0178,465.77085,-0.00141,-1631.18149,0.0,-2849.99629,0.0
234.39071428571415,165.0992857142857,8.75,4.0,40.0,59.99999999999999,0.0,0.0,-4.75,0.0,-0.0182,1897.28603,-0.00401,-1486.49787,0.0,-1363.49842,0.0
218.79142857142844,180.69857142857143,8.75,4.0,40.0,59.99999999999999,0.0,0.0,-4.75,0.0,-0.0184,1294.62081,-0.00145,-1486.49787,0.0,122.99945,0.0
203.1921428571427,196.29785714285717,8.75,4.0,40.0,59.99999999999998,0.0,-2.6717368523163038e-14,-4.75,0.0,-0.0184,1234.65512,-0.0005,-1486.49787,0.0,1609.49733,0.0
187.592857142857,211.89714285714285,8.75,4.0,40.0,59.99999999999999,0.0,-5.343473704632601e-14,-4.75,0.0,-0.0182,1250.71075,-3.0e-5,-1486.49787,0.0,3095.9952,0.0
171.9935714285713,227.49642857142854,8.75,4.0,40.0,59.99999999999999,0.0,-5.343473704632601e-14,-4.75,-0.0,-0.0177,1246.41191,0.00014,-1486.49787,0.0,4582.49307,0.0
156.39428571428562,243.09571428571425,8.75,4.0,40.0,59.99999999999999,0.0,-5.343473704632601e-14,-4.75,-0.0,-0.0171,1247.56291,0.00016,-1486.49787,0.0,6068.99095,0.0
140.79499999999993,258.69499999999994,8.75,4.0,40.0,59.99999999999999,0.0,-5.343473704632601e-14,-4.75,-0.0,-0.0162,1247.25473,0.00011,-1486.49787,0.0,7555.48882,0.0
125.19571428571423,274.29428571428565,8.75,4.0,40.0,59.99999999999999,0.0,-5.343473704632601e-14,-4.75,-0.0,-0.0151,1247.33724,6.0e-5,-1486.49787,0.0,9041.98669,0.0
109.59642857142853,289.8935714285713,8.75,4.0,40.0,59.99999999999999,0.0,-5.343473704632601e-14,-4.75,-0.0,-0.0138,1247.31515,2.0e-5,-1486.49787,0.0,10528.48456,0.0
93.99714285714283,305.492857142857,8.75,4.0,40.0,59.99999999999999,0.0,-5.343473704632601e-14,-4.75,-0.0,-0.0122,1247.32107,0.0,-1486.49787,0.0,12014.98244,0.0
78.39785714285715,321.09214285714273,8.75,4.0,40.0,59.99999999999999,0.0,-5.343473704632601e-14,-4.75,0.0,-0.0105,1247.31948,-0.0,-1486.49787,0.0,13501.48031,0.0
62.79857142857145,336.6914285714284,8.75,4.0,40.0,59.99999999999999,0.0,-5.343473704632601e-14,-4.75,0.0,-0.0085,1247.31991,-1.0e-5,-1486.49787,0.0,14987.97818,0.0
47.19928571428576,352.2907142857141,8.75,4.0,40.0,59.99999999999999,0.0,-5.343473704632601e-14,-4.75,0.0,-0.0063,1247.31979,-0.0,-1486.49787,0.0,16474.47606,0.0
31.600000000000062,367.8899999999998,8.75,4.0,40.0,59.99999999999999,0.0,-5.343473704632601e-14,-4.75,0.0,-0.0039,1255.34439,-0.0,-1496.06117,0.0,17970.53723,0.0
15.800000000000031,383.6899999999998,8.75,4.0,40.0,59.99999999999999,0.0,-5.343473704632601e-14,-4.75,0.0,-0.0013,1263.36894,-0.0,-1505.62448,0.0,19476.16171,0.0
0.0,399.48999999999984,8.75,4.0,40.0,59.99999999999999,0.0,-5.343473704632601e-14,-4.75,-0.0,0.0016,631.68447,0.0,19476.16171,0.0,20228.97395,0.0
