depth,dtb,radius,od,incl,hdng,x,y,dx,dy,dz,fx,fy,fz,friction,fn,fs
399.48999999999984,0.0,8.75,6.25,40.0,59.99999999999999,0.0,0.0,-2.5,0.0017,-0.0,1053.32446,-0.70017,-48.97865,0.0,-59951.02135,0.0
398.48999999999984,1.0,8.75,3.9375,40.0,59.99999999999999,0.0,0.0,-2.5443,0.0016,-0.0006,-0.0,-0.0,-134.02513,0.0,-59816.99622,0.0
396.6399999999999,2.85,8.75,6.125,40.0,59.99999999999999,0.0,0.0,-2.625,0.0015,-0.0016,351.39485,-0.2019,-264.33366,0.0,-59552.66256,0.0
392.73999999999984,6.75,8.75,4.0,40.0,59.99999999999999,0.0,0.0,-2.7803,0.0013,-0.0039,-0.0,-0.0,-963.03787,0.0,-58589.62469,0.0
378.48499999999984,21.005,8.749999999999998,4.0,40.0,59.99999999999999,0.0,0.0,-2.989,0.0006,-0.0119,-0.0,-0.0,-1567.50139,0.0,-57022.1233,0.0
364.22999999999985,35.26,8.75,4.0,40.0,59.99999999999999,0.0,0.0,-2.662,0.0001,-0.0196,-0.0,-0.0,-878.58793,0.0,-56143.53536,0.0
362.45999999999987,37.03,8.75,6.125,40.0,59.99999999999999,0.0,0.0,-2.625,0.0001,-0.0206,3128.00919,-0.09237,-297.37101,0.0,-55846.16436,0.0
358.67999999999984,40.81,8.75,4.4375,40.0,59.99999999999999,0.0,0.0,-2.5736,-0.0,-0.0226,-0.0,-0.0,-372.44592,0.0,-55473.71844,0.0
356.17999999999984,43.31,8.75,4.4375,40.0,59.99999999999999,0.0,0.0,-2.555,-0.0,-0.0239,-0.0,-0.0,-760.70414,0.0,-54713.0143,0.0
343.67999999999984,55.81,8.75,4.4375,40.0,59.99999999999999,0.0,0.0,-2.5487,-0.0002,-0.0304,-0.0,-0.0,-1181.58397,0.0,-53531.43033,0.0
331.17999999999984,68.31,8.75,6.125,40.0,59.99999999999999,0.0,0.0,-2.625,-0.0002,-0.0368,2767.51438,0.16863,-1263.34958,0.0,-52268.08076,0.0
316.9499999999999,82.54,8.75,4.4375,40.0,59.99999999999999,0.0,0.0,-2.873,-0.0001,-0.0438,-0.0,-0.0,-839.75115,0.0,-51428.3296,0.0
314.48999999999984,85.0,8.75,4.4375,40.0,59.99999999999999,0.0,0.0,-2.893,-0.0001,-0.045,-0.0,-0.0,-1056.92477,0.0,-50371.40484,0.0
299.64999999999986,99.83999999999999,8.75,4.1565,40.0,59.99999999999999,0.0,0.0,-2.7423,-0.0001,-0.052,-0.0,-0.0,-1779.46241,0.0,-48591.94242,0.0
284.8099999999999,114.67999999999999,8.75,4.1565,40.0,59.99999999999999,0.0,0.0,-2.5885,-0.0,-0.0588,-0.0,-0.0,-967.42273,0.0,-47624.51969,0.0
283.35999999999984,116.13,8.75,6.125,40.0,59.99999999999999,0.0,0.0,-2.625,0.0,-0.0594,4631.25533,-0.00341,-278.61788,0.0,-47345.90181,0.0
279.60999999999984,119.88,8.75,4.1565,40.0,59.99999999999999,0.0,0.0,-2.787,0.0,-0.0611,-0.0,-0.0,-1088.85891,0.0,-46257.0429,0.0
264.7999999999999,134.69,8.75,4.1565,40.0,59.99999999999999,0.0,0.0,-3.8481,0.0,-0.0675,-0.0,-0.0,-1775.86512,0.0,-44481.17779,0.0
249.98999999999987,149.5,8.75,4.1565,40.0,59.99999999999999,0.0,0.0,-4.5935,0.0,-0.0736,602.14211,-0.00378,-1631.18149,0.0,-42849.99629,0.0
234.39071428571415,165.0992857142857,8.75,4.0,40.0,59.99999999999999,0.0,0.0,-4.75,0.0,-0.0799,1935.91895,-0.00745,-1486.49787,0.0,-41363.49842,0.0
218.79142857142844,180.69857142857143,8.75,4.0,40.0,59.99999999999999,0.0,0.0,-4.75,0.0,-0.0859,1297.70859,-0.00209,-1486.49787,0.0,-39877.00055,0.0
203.1921428571427,196.29785714285717,8.75,4.0,40.0,59.99999999999998,0.0,-2.6717368523163038e-14,-4.75,0.0,-0.0917,1233.82817,-0.00022,-1486.49787,0.0,-38390.50267,0.0
187.592857142857,211.89714285714285,8.75,4.0,40.0,59.99999999999999,0.0,-5.343473704632601e-14,-4.75,-0.0,-0.0973,1250.93222,0.00057,-1486.49787,0.0,-36904.0048,0.0
171.9935714285713,227.49642857142854,8.75,4.0,40.0,59.99999999999999,0.0,-5.343473704632601e-14,-4.75,-0.0,-0.1027,1246.35259,0.00069,-1486.49787,0.0,-35417.50693,0.0
156.39428571428562,243.09571428571425,8.75,4.0,40.0,59.99999999999999,0.0,-5.343473704632601e-14,-4.75,-0.0,-0.1078,1247.57879,0.0005,-1486.49787,0.0,-33931.00905,0.0
140.79499999999993,258.69499999999994,8.75,4.0,40.0,59.99999999999999,0.0,-5.343473704632601e-14,-4.75,-0.0,-0.1128,1247.25048,0.00026,-1486.49787,0.0,-32444.51118,0.0
125.19571428571423,274.29428571428565,8.75,4.0,40.0,59.99999999999999,0.0,-5.343473704632601e-14,-4.75,-0.0,-0.1175,1247.33838,8.0e-5,-1486.49787,0.0,-30958.01331,0.0
109.59642857142853,289.8935714285713,8.75,4.0,40.0,59.99999999999999,0.0,-5.343473704632601e-14,-4.75,0.0,-0.122,1247.31485,-2.0e-5,-1486.49787,0.0,-29471.51544,0.0
93.99714285714283,305.492857142857,8.75,4.0,40.0,59.99999999999999,0.0,-5.343473704632601e-14,-4.75,0.0,-0.1263,1247.32115,-5.0e-5,-1486.49787,0.0,-27985.01756,0.0
78.39785714285715,321.09214285714273,8.75,4.0,40.0,59.99999999999999,0.0,-5.343473704632601e-14,-4.75,0.0,-0.1304,1247.31946,-4.0e-5,-1486.49787,0.0,-26498.51969,0.0
62.79857142857145,336.6914285714284,8.75,4.0,40.0,59.99999999999999,0.0,-5.343473704632601e-14,-4.75,0.0,-0.1342,1247.31991,-3.0e-5,-1486.49787,0.0,-25012.02182,0.0
47.19928571428576,352.2907142857141,8.75,4.0,40.0,59.99999999999999,0.0,-5.343473704632601e-14,-4.75,0.0,-0.1379,1247.31979,-1.0e-5,-1486.49787,0.0,-23525.52394,0.0
31.600000000000062,367.8899999999998,8.75,4.0,40.0,59.99999999999999,0.0,-5.343473704632601e-14,-4.75,0.0,-0.1413,1255.34439,-0.0,-1496.06117,0.0,-22029.46277,0.0
15.800000000000031,383.6899999999998,8.75,4.0,40.0,59.99999999999999,0.0,-5.343473704632601e-14,-4.75,0.0,-0.1446,1263.36894,-0.0,-1505.62448,0.0,-20523.83829,0.0
0.0,399.48999999999984,8.75,4.0,40.0,59.99999999999999,0.0,-5.343473704632601e-14,-4.75,-0.0,-0.1476,631.68447,1.0e-5,-20523.83829,0.0,-19771.02605,0.0
