depth,dtb,radius,od,incl,hdng,x,y,dx,dy,dz,fx,fy,fz,friction,fn,fs
328.78,0.0,8.75,8.75,40.0,59.99999999999999,0.0,0.0,0.0,0.0,-0.0,-0.01194,-0.00244,-104.85362,0.0,-39895.14638,0.0
327.34,1.4400000000000002,8.75,4.75,39.91936630739913,59.99999999999999,0.012159273379297241,0.0,0.0362,0.0,-0.0005,-0.0,-0.0,-311.00169,0.0,-39584.1447,0.0
324.34,4.44,8.75,4.75,39.751379447813996,59.99999999999999,0.1155974027108533,0.0,0.0328,0.0,-0.0014,-0.0,-0.0,-292.28095,0.0,-39291.86375,0.0
323.09999999999997,5.68,8.75,8.75,39.68194487918547,59.99999999999999,0.18918135355570698,0.0,0.0,0.0,-0.0018,7087.01485,0.00214,-365.50562,0.0,-38926.35813,0.0
319.06,9.72,8.75,4.75,39.455722574944154,59.99999999999999,0.5540030525045417,0.0,-0.2262,-0.0,-0.0031,-0.0,-0.0,-1787.96688,0.0,-37138.39125,0.0
300.335,28.445000000000004,8.75,4.75,38.407204593033605,59.99999999999999,4.7442979927866356,0.0,-2.4192,-0.0,-0.0089,-0.0,-0.0,-3059.67169,0.0,-34078.71956,0.0
281.60999999999996,47.17000000000001,8.75,4.8125,37.35868661112305,59.99999999999999,13.044977221666546,0.0,-3.9375,-0.0,-0.0142,1512.96357,0.00077,-2696.94831,0.0,-31381.77125,0.0
268.065,60.715,8.75,4.8125,36.60022594009616,60.00000000000001,21.60986276341898,2.170984800650197e-14,-3.9375,-0.0,-0.0178,3097.78289,0.00267,-2313.29385,0.0,-29068.4774,0.0
254.51999999999998,74.26,8.75,4.8125,35.84176526906927,59.99999999999999,32.32259120816873,4.3036144863300495e-14,-3.1277,-0.0,-0.0212,-0.0,-0.0,-2436.10148,0.0,-26632.37592,0.0
239.51499999999996,89.265,8.75,4.75,35.00155099304428,59.99999999999999,46.69536402844973,4.3036144863300495e-14,-1.4715,-0.0,-0.0247,-0.0,-0.0,-2562.96312,0.0,-24069.41281,0.0
224.51,104.27,8.75,4.75,34.1613367170193,59.99999999999999,63.698562510267244,4.3036144863300495e-14,-0.0635,-0.0,-0.0279,-0.0,-0.0,-1433.05675,0.0,-22636.35606,0.0
222.63999999999996,106.14,8.75,8.75,34.0566249078779,59.99999999999999,66.00172828739203,4.3036144863300495e-14,0.0,-0.0,-0.0283,9886.12009,-0.00839,-415.43554,0.0,-22220.92052,0.0
218.90999999999997,109.87,8.75,4.75,33.84776124579371,59.99999999999999,70.71756329480024,4.3036144863300495e-14,0.0138,0.0,-0.029,-0.0,-0.0,-1355.33052,0.0,-20865.59,0.0
204.54499999999996,124.23500000000001,8.75,4.75,33.04338416648022,59.99999999999999,90.39422172550147,4.3036144863300495e-14,-0.9246,0.0,-0.0318,-0.0,-0.0,-2175.96665,0.0,-18689.62334,0.0
190.17999999999995,138.60000000000002,8.75,4.75,32.239007087166726,59.99999999999999,112.4730921170127,4.3036144863300495e-14,-2.5019,0.0,-0.0344,-0.0,-0.0,-1389.95164,0.0,-17299.67171,0.0
185.95999999999995,142.82000000000002,8.75,4.5625,32.002705571350305,59.99999999999999,119.41502486366979,4.3036144863300495e-14,-2.9614,0.0,-0.0351,-0.0,-0.0,-1004.85833,0.0,-16294.81338,0.0
171.96999999999994,156.81000000000003,8.75,3.9375,31.219326849484958,59.99999999999999,143.9075113710934,4.3036144863300495e-14,-4.2093,0.0,-0.0373,-0.0,-0.0,-1435.95462,0.0,-14858.85876,0.0
157.97999999999993,170.80000000000004,8.75,3.9375,30.435948127619607,59.99999999999999,170.66842427454674,4.3036144863300495e-14,-4.8125,0.0,-0.0394,709.26242,-0.00174,-1408.51825,0.0,-13450.34051,0.0
143.25499999999997,185.525,8.75,3.7815,29.611412625155904,59.99999999999999,201.28013393787546,4.3036144863300495e-14,-4.9685,0.0,-0.0414,714.73032,-0.00099,-1380.75284,0.0,-12069.58767,0.0
128.52999999999997,200.25,8.75,3.8125,28.7868771226922,59.99999999999999,234.393002715387,4.3036144863300495e-14,-4.9375,0.0,-0.0432,1163.35562,-0.00068,-1191.64901,0.0,-10877.93867,0.0
118.23999999999997,210.54,8.75,3.8125,28.210682194315186,59.99999999999999,259.0135324513513,4.3036144863300495e-14,-4.9213,0.0,-0.0443,-0.0,-0.0,-996.82329,0.0,-9881.11538,0.0
107.94999999999997,220.83,8.75,3.8125,27.634487265938173,59.99999999999999,284.84963886028487,4.3036144863300495e-14,-4.8481,-0.0,-0.0453,-0.0,-0.0,-1002.15031,0.0,-8878.96507,0.0
97.65999999999997,231.12,8.75,4.0,27.05829233756116,59.99999999999999,311.89870907700214,4.3036144863300495e-14,-4.75,-0.0,-0.0461,1473.5194,0.00045,-1365.00194,0.0,-7513.96313,0.0
82.10999999999997,246.67,8.75,4.0,26.18756044871154,59.99999999999999,355.0702308147906,4.3036144863300495e-14,-4.75,-0.0,-0.0473,451.89191,0.00023,-1735.8009,0.0,-5778.16223,0.0
66.55999999999999,262.21999999999997,8.75,4.0,25.316828559861918,59.99999999999999,400.9955081405472,4.3036144863300495e-14,-4.6624,-0.0,-0.0481,-0.0,-0.0,-1462.02359,0.0,-4316.13864,0.0
55.833333333333336,272.94666666666666,8.75,4.0,24.716182210811958,59.99999999999999,434.27487694427543,4.3036144863300495e-14,-4.3934,-0.0,-0.0486,-0.0,-0.0,-1181.23885,0.0,-3134.89979,0.0
45.10666666666668,283.6733333333333,8.75,4.0,24.115535861761995,59.99999999999999,468.85591868115506,4.3036144863300495e-14,-3.9646,-0.0,-0.0489,-0.0,-0.0,-1186.87373,0.0,-1948.02606,0.0
34.38000000000003,294.3999999999999,8.75,4.0,23.514889512712035,59.99999999999999,504.73483297565605,4.3036144863300495e-14,-3.5024,-0.0,-0.0491,-0.0,-0.0,-1461.3567,0.0,-486.66936,0.0
18.940000000000015,309.84,8.75,3.969,22.6503171420472,59.99999999999999,558.649959829916,4.3036144863300495e-14,-3.2278,-0.0,-0.0492,-0.0,-0.0,-1741.49888,0.0,1254.82952,0.0
3.5,325.28,8.75,4.0,21.78574477138237,59.99999999999999,615.2336668120017,4.3036144863300495e-14,-4.2328,-0.0,-0.049,-0.0,-0.0,-1078.2776,0.0,2333.10712,0.0
0.0,328.78,8.75,4.0,21.58976010186638,59.99999999999999,628.4298735394685,4.3036144863300495e-14,-4.75,0.0,-0.0489,1116.40015,0.00028,2333.10712,0.0,2535.52689,0.0
