depth,dtb,radius,od,incl,hdng,x,y,dx,dy,dz,fx,fy,fz,friction,fn,fs
328.7799999999999,0.0,8.75,8.75,50.0,59.99999999999999,0.0,0.0,0.0,0.0,-0.0,-15056.0698,-0.02956,-87.98263,0.0,-39912.01737,0.0
327.3399999999999,1.4400000000000002,8.75,4.75,50.0,59.99999999999999,0.0,0.0,0.0166,0.0,-0.0005,-0.0,-0.0,-260.65386,0.0,-39651.36351,0.0
324.3399999999999,4.44,8.75,4.75,50.0,59.99999999999999,0.0,0.0,0.0213,0.0,-0.0015,-0.0,-0.0,-244.36539,0.0,-39406.99812,0.0
323.09999999999997,5.68,8.75,8.75,50.0,59.99999999999999,0.0,0.0,0.0,0.0,-0.0019,21815.70838,0.03096,-305.27838,0.0,-39101.71974,0.0
319.05999999999995,9.72,8.75,4.75,50.0,59.99999999999999,0.0,0.0,-0.1969,-0.0,-0.0032,-0.0,-0.0,-484.56437,0.0,-38617.15537,0.0
315.31499999999994,13.465000000000002,8.75,4.75,50.0,59.99999999999998,0.0,-7.644115845587969e-15,-0.5192,-0.0,-0.0045,-0.0,-0.0,-501.96032,0.0,-38115.19505,0.0
311.56999999999994,17.21,8.75,4.75,50.0,59.99999999999999,0.0,-1.5288231691175938e-14,-0.931,-0.0,-0.0057,-0.0,-0.0,-501.96032,0.0,-37613.23473,0.0
307.82499999999993,20.955000000000002,8.75,4.75,50.0,59.99999999999999,0.0,-1.5288231691175938e-14,-1.3933,-0.0,-0.0069,-0.0,-0.0,-501.96032,0.0,-37111.27441,0.0
304.0799999999999,24.700000000000003,8.75,4.75,50.0,59.99999999999999,0.0,-1.5288231691175938e-14,-1.8714,-0.0,-0.0081,-0.0,-0.0,-501.96032,0.0,-36609.31409,0.0
300.3349999999999,28.445000000000004,8.75,4.75,50.0,59.99999999999999,0.0,-1.5288231691175938e-14,-2.3362,-0.0,-0.0092,-0.0,-0.0,-501.96032,0.0,-36107.35377,0.0
296.5899999999999,32.190000000000005,8.75,4.75,50.0,59.99999999999999,0.0,-1.5288231691175938e-14,-2.764,-0.0,-0.0104,-0.0,-0.0,-501.96032,0.0,-35605.39345,0.0
292.84499999999997,35.935,8.75,4.75,50.0,59.99999999999999,0.0,-1.5288231691175938e-14,-3.1363,-0.0,-0.0115,-0.0,-0.0,-501.96032,0.0,-35103.43313,0.0
289.09999999999997,39.68,8.75,4.75,50.0,59.99999999999999,0.0,-1.5288231691175938e-14,-3.4409,-0.0,-0.0127,-0.0,-0.0,-501.96032,0.0,-34601.47281,0.0
285.35499999999996,43.425000000000004,8.75,4.75,50.0,59.99999999999999,0.0,-1.5288231691175938e-14,-3.671,-0.0,-0.0138,-0.0,-0.0,-501.96032,0.0,-34099.51249,0.0
281.60999999999996,47.17000000000001,8.75,4.8125,50.0,59.99999999999999,0.0,-1.5288231691175938e-14,-3.8261,-0.0,-0.0149,-0.0,-0.0,-515.57704,0.0,-33583.93545,0.0
277.73999999999995,51.04,8.75,4.8125,50.0,59.99999999999999,0.0,-1.5288231691175938e-14,-3.913,-0.0,-0.016,-0.0,-0.0,-529.19375,0.0,-33054.74169,0.0
273.86999999999995,54.910000000000004,8.75,4.8125,50.0,59.99999999999999,0.0,-1.5288231691175938e-14,-3.9375,-0.0,-0.0171,4634.43415,0.02953,-529.19375,0.0,-32525.54794,0.0
269.99999999999994,58.78000000000001,8.75,4.8125,50.0,59.99999999999999,0.0,-1.5288231691175938e-14,-3.9112,-0.0,-0.0182,-0.0,-0.0,-529.19375,0.0,-31996.35418,0.0
266.12999999999994,62.65000000000001,8.75,4.8125,50.0,59.99999999999999,0.0,-1.5288231691175938e-14,-3.8232,-0.0,-0.0193,-0.0,-0.0,-529.19375,0.0,-31467.16043,0.0
262.25999999999993,66.52000000000002,8.75,4.8125,50.0,59.99999999999999,0.0,-1.5288231691175938e-14,-3.6622,-0.0,-0.0204,-0.0,-0.0,-529.19375,0.0,-30937.96668,0.0
258.38999999999993,70.39000000000003,8.75,4.8125,50.0,59.99999999999999,0.0,-1.5288231691175938e-14,-3.4227,-0.0,-0.0214,-0.0,-0.0,-529.19375,0.0,-30408.77292,0.0
254.5199999999999,74.26000000000003,8.75,4.8125,50.0,59.99999999999999,0.0,-1.5288231691175938e-14,-3.1062,-0.0,-0.0225,-0.0,-0.0,-515.9959,0.0,-29892.77703,0.0
250.76874999999993,78.01125000000003,8.75,4.75,50.0,59.99999999999999,0.0,-1.5288231691175938e-14,-2.7328,-0.0,-0.0235,-0.0,-0.0,-502.79804,0.0,-29389.97899,0.0
247.01749999999993,81.76250000000003,8.75,4.75,50.0,59.99999999999999,0.0,-1.5288231691175938e-14,-2.3064,-0.0,-0.0245,-0.0,-0.0,-502.79804,0.0,-28887.18095,0.0
243.2662499999999,85.51375000000003,8.75,4.75,50.0,59.99999999999999,0.0,-1.5288231691175938e-14,-1.8452,-0.0,-0.0254,-0.0,-0.0,-502.79804,0.0,-28384.38291,0.0
239.51499999999987,89.26500000000004,8.75,4.75,50.0,59.99999999999999,0.0,-1.5288231691175938e-14,-1.3728,-0.0,-0.0264,-0.0,-0.0,-502.79804,0.0,-27881.58487,0.0
235.76374999999987,93.01625000000006,8.75,4.75,50.0,59.99999999999999,0.0,-1.5288231691175938e-14,-0.9179,-0.0,-0.0273,-0.0,-0.0,-502.79804,0.0,-27378.78684,0.0
232.0124999999999,96.76750000000006,8.75,4.75,50.0,59.99999999999999,0.0,-1.5288231691175938e-14,-0.5148,-0.0,-0.0283,-0.0,-0.0,-502.79804,0.0,-26875.9888,0.0
228.26124999999988,100.51875000000007,8.75,4.75,50.0,59.99999999999999,0.0,-1.5288231691175938e-14,-0.2023,-0.0,-0.0292,-0.0,-0.0,-502.79804,0.0,-26373.19076,0.0
224.50999999999985,104.27000000000008,8.75,4.75,50.0,59.99999999999999,0.0,-1.5288231691175938e-14,-0.024,-0.0,-0.0301,-0.0,-0.0,-359.03075,0.0,-26014.16001,0.0
222.63999999999987,106.14000000000009,8.75,8.75,50.0,59.99999999999999,0.0,-1.5288231691175938e-14,0.0,-0.0,-0.0305,12336.7731,-0.06255,-322.31962,0.0,-25691.84039,0.0
218.90999999999985,109.87000000000008,8.75,4.75,50.0,59.99999999999999,0.0,-1.5288231691175938e-14,-0.0962,0.0,-0.0314,-0.0,-0.0,-453.05373,0.0,-25238.78666,0.0
214.80571428571412,113.97428571428578,8.75,4.75,50.0,59.99999999999999,0.0,-1.5288231691175938e-14,-0.3865,0.0,-0.0323,-0.0,-0.0,-476.73169,0.0,-24762.05497,0.0
210.70142857142844,118.0785714285715,8.75,4.75,50.0,59.99999999999999,0.0,-1.5288231691175938e-14,-0.8174,0.0,-0.0333,-0.0,-0.0,-476.73169,0.0,-24285.32329,0.0
206.59714285714276,122.1828571428572,8.75,4.75,50.0,59.99999999999999,0.0,-1.5288231691175938e-14,-1.3392,0.0001,-0.0342,-0.0,-0.0,-476.73169,0.0,-23808.5916,0.0
202.49285714285702,126.28714285714291,8.75,4.75,50.0,59.99999999999999,0.0,-1.5288231691175938e-14,-1.9075,0.0001,-0.0351,-0.0,-0.0,-476.73169,0.0,-23331.85991,0.0
198.38857142857128,130.39142857142863,8.75,4.75,50.0,59.99999999999999,0.0,-1.5288231691175938e-14,-2.4836,0.0001,-0.036,-0.0,-0.0,-476.73169,0.0,-22855.12823,0.0
194.2842857142856,134.49571428571434,8.75,4.75,50.0,59.99999999999999,0.0,-1.5288231691175938e-14,-3.0346,0.0001,-0.0369,-0.0,-0.0,-476.73169,0.0,-22378.39654,0.0
190.17999999999992,138.60000000000005,8.75,4.75,50.0,59.99999999999999,0.0,-1.5288231691175938e-14,-3.5338,0.0001,-0.0378,-0.0,-0.0,-349.37164,0.0,-22029.02491,0.0
188.0699999999999,140.71000000000004,8.75,4.5625,50.0,59.99999999999998,0.0,-1.9595063315792912e-14,-3.7633,0.0001,-0.0383,-0.0,-0.0,-222.01159,0.0,-21807.01332,0.0
185.9599999999999,142.82000000000002,8.75,4.5625,50.0,59.99999999999999,0.0,-2.3901894940409886e-14,-3.9713,0.0001,-0.0387,-0.0,-0.0,-230.92903,0.0,-21576.08429,0.0
182.851111111111,145.9288888888889,8.75,3.9375,50.0,59.99999999999999,0.0,-2.3901894940409886e-14,-4.2356,0.0001,-0.0394,-0.0,-0.0,-239.84648,0.0,-21336.23781,0.0
179.74222222222215,149.0377777777778,8.75,3.9375,50.0,59.99999999999999,0.0,-2.3901894940409886e-14,-4.4471,0.0001,-0.04,-0.0,-0.0,-239.84648,0.0,-21096.39133,0.0
176.63333333333324,152.14666666666668,8.75,3.9375,50.0,59.99999999999999,0.0,-2.3901894940409886e-14,-4.6056,0.0001,-0.0406,-0.0,-0.0,-239.84648,0.0,-20856.54484,0.0
173.52444444444436,155.25555555555556,8.75,3.9375,50.0,59.99999999999998,0.0,-3.024761104661226e-14,-4.714,0.0001,-0.0413,-0.0,-0.0,-239.84648,0.0,-20616.69836,0.0
170.41555555555547,158.36444444444444,8.75,3.9375,50.0,59.99999999999998,0.0,-3.659332715281464e-14,-4.7781,0.0001,-0.0419,-0.0,-0.0,-239.84648,0.0,-20376.85188,0.0
167.3066666666666,161.47333333333333,8.75,3.9375,50.0,59.99999999999998,0.0,-4.293904325901701e-14,-4.807,0.0001,-0.0425,-0.0,-0.0,-239.84648,0.0,-20137.0054,0.0
164.1977777777777,164.5822222222222,8.75,3.9375,50.0,59.99999999999999,0.0,-4.928475936521939e-14,-4.8125,0.0001,-0.0431,180.60582,-0.00287,-239.84648,0.0,-19897.15892,0.0
161.08888888888882,167.6911111111111,8.75,3.9375,50.0,59.99999999999999,0.0,-4.928475936521939e-14,-4.809,0.0001,-0.0437,-0.0,-0.0,-239.84648,0.0,-19657.31244,0.0
157.97999999999993,170.79999999999998,8.75,3.9375,50.0,59.99999999999999,0.0,-4.928475936521939e-14,-4.8125,0.0001,-0.0443,3579.85192,-0.04692,-233.35196,0.0,-19423.96048,0.0
154.7077777777777,174.07222222222222,8.75,3.7815,50.0,59.99999999999999,0.0,-4.928475936521939e-14,-4.8375,0.0001,-0.0449,-0.0,-0.0,-226.85744,0.0,-19197.10304,0.0
151.43555555555545,177.34444444444446,8.75,3.7815,50.0,59.99999999999999,0.0,-4.928475936521939e-14,-4.8754,0.0001,-0.0455,-0.0,-0.0,-226.85744,0.0,-18970.2456,0.0
148.1633333333332,180.6166666666667,8.75,3.7815,50.0,59.99999999999999,0.0,-4.928475936521939e-14,-4.9141,0.0,-0.0461,-0.0,-0.0,-226.85744,0.0,-18743.38816,0.0
144.89111111111097,183.88888888888894,8.75,3.7815,50.0,59.99999999999999,0.0,-4.928475936521939e-14,-4.9451,0.0,-0.0467,-0.0,-0.0,-226.85744,0.0,-18516.53072,0.0
141.61888888888873,187.16111111111118,8.75,3.7815,50.0,59.99999999999999,0.0,-4.928475936521939e-14,-4.9636,0.0,-0.0473,-0.0,-0.0,-226.85744,0.0,-18289.67328,0.0
138.3466666666665,190.43333333333342,8.75,3.7815,50.0,59.99999999999999,0.0,-4.928475936521939e-14,-4.9685,0.0,-0.0479,112.2475,-0.00066,-226.85744,0.0,-18062.81584,0.0
135.07444444444425,193.70555555555566,8.75,3.7815,50.0,59.99999999999999,0.0,-4.928475936521939e-14,-4.9619,0.0,-0.0484,-0.0,-0.0,-226.85744,0.0,-17835.9584,0.0
131.802222222222,196.9777777777779,8.75,3.7815,50.0,59.99999999999999,0.0,-4.928475936521939e-14,-4.9489,0.0,-0.049,-0.0,-0.0,-226.85744,0.0,-17609.10096,0.0
128.52999999999977,200.25000000000014,8.75,3.8125,50.0,59.99999999999999,0.0,-4.928475936521939e-14,-4.9375,0.0,-0.0495,1888.71421,-0.00668,-222.4961,0.0,-17386.60486,0.0
125.4429999999998,203.33700000000013,8.75,3.8125,50.0,59.99999999999999,0.0,-4.928475936521939e-14,-4.9355,0.0,-0.05,-0.0,-0.0,-218.13476,0.0,-17168.47009,0.0
122.35599999999981,206.42400000000012,8.75,3.8125,50.0,59.99999999999999,0.0,-4.928475936521939e-14,-4.9373,0.0,-0.0506,-0.0,-0.0,-218.13476,0.0,-16950.33533,0.0
119.26899999999982,209.5110000000001,8.75,3.8125,50.0,59.99999999999999,0.0,-4.928475936521939e-14,-4.9375,0.0,-0.0511,462.78811,-0.00093,-218.13476,0.0,-16732.20057,0.0
116.18199999999983,212.5980000000001,8.75,3.8125,50.0,59.99999999999999,0.0,-4.928475936521939e-14,-4.9328,0.0,-0.0515,-0.0,-0.0,-218.13476,0.0,-16514.06581,0.0
113.09499999999984,215.6850000000001,8.75,3.8125,50.0,59.99999999999999,0.0,-4.928475936521939e-14,-4.9191,0.0,-0.052,-0.0,-0.0,-218.13476,0.0,-16295.93105,0.0
110.00799999999985,218.77200000000008,8.75,3.8125,50.0,59.99999999999999,0.0,-4.928475936521939e-14,-4.8947,0.0,-0.0525,-0.0,-0.0,-218.13476,0.0,-16077.79628,0.0
106.92099999999986,221.85900000000007,8.75,3.8125,50.0,59.99999999999999,0.0,-4.928475936521939e-14,-4.8604,0.0,-0.053,-0.0,-0.0,-218.13476,0.0,-15859.66152,0.0
103.83399999999988,224.94600000000005,8.75,3.8125,50.0,59.99999999999999,0.0,-4.928475936521939e-14,-4.82,0.0,-0.0534,-0.0,-0.0,-218.13476,0.0,-15641.52676,0.0
100.74699999999989,228.03300000000004,8.75,3.8125,50.0,59.99999999999999,0.0,-4.928475936521939e-14,-4.78,0.0,-0.0539,-0.0,-0.0,-218.13476,0.0,-15423.392,0.0
97.6599999999999,231.12000000000003,8.75,4.0,50.0,59.99999999999999,0.0,-4.928475936521939e-14,-4.75,0.0,-0.0543,2324.89119,-0.00089,-247.2206,0.0,-15176.1714,0.0
94.20444444444433,234.5755555555556,8.75,4.0,50.0,59.99999999999999,0.0,-4.928475936521939e-14,-4.7374,0.0,-0.0548,-0.0,-0.0,-276.30643,0.0,-14899.86498,0.0
90.74888888888877,238.03111111111116,8.75,4.0,50.0,59.99999999999999,0.0,-4.928475936521939e-14,-4.7388,0.0,-0.0553,-0.0,-0.0,-276.30643,0.0,-14623.55855,0.0
87.29333333333322,241.4866666666667,8.75,4.0,50.0,59.99999999999999,0.0,-4.928475936521939e-14,-4.7444,0.0,-0.0558,-0.0,-0.0,-276.30643,0.0,-14347.25212,0.0
83.83777777777766,244.94222222222228,8.75,4.0,50.0,59.99999999999999,0.0,-4.928475936521939e-14,-4.7487,0.0,-0.0563,-0.0,-0.0,-276.30643,0.0,-14070.94569,0.0
80.3822222222221,248.39777777777783,8.75,4.0,50.0,59.99999999999999,0.0,-4.928475936521939e-14,-4.75,0.0,-0.0567,419.87779,-8.0e-5,-276.30643,0.0,-13794.63926,0.0
76.92666666666655,251.85333333333338,8.75,4.0,50.0,59.99999999999999,0.0,-4.928475936521939e-14,-4.75,0.0,-0.0572,473.51806,-0.00011,-276.30643,0.0,-13518.33283,0.0
73.47111111111099,255.30888888888896,8.75,4.0,50.0,59.99999999999999,0.0,-4.928475936521939e-14,-4.75,0.0,-0.0576,290.64097,-8.0e-5,-276.30643,0.0,-13242.0264,0.0
70.01555555555542,258.7644444444445,8.75,4.0,50.0,59.99999999999999,0.0,-4.928475936521939e-14,-4.75,0.0,-0.058,339.65406,-0.0001,-276.30643,0.0,-12965.71998,0.0
66.55999999999987,262.2200000000001,8.75,4.0,50.0,59.99999999999999,0.0,-4.928475936521939e-14,-4.75,0.0,-0.0585,311.27089,-0.00011,-263.532,0.0,-12702.18797,0.0
63.34199999999987,265.43800000000005,8.75,4.0,50.0,59.99999999999999,0.0,-4.928475936521939e-14,-4.75,0.0,-0.0588,299.40847,-0.00012,-250.75758,0.0,-12451.43039,0.0
60.123999999999874,268.65600000000006,8.75,4.0,50.0,59.99999999999999,0.0,-4.928475936521939e-14,-4.75,0.0,-0.0592,299.5735,-0.00013,-250.75758,0.0,-12200.67281,0.0
56.90599999999987,271.8740000000001,8.75,4.0,50.0,59.99999999999999,0.0,-4.928475936521939e-14,-4.75,0.0,-0.0596,295.34504,-0.00014,-250.75758,0.0,-11949.91523,0.0
53.687999999999874,275.09200000000004,8.75,4.0,50.0,59.99999999999999,0.0,-4.928475936521939e-14,-4.75,0.0,-0.0599,312.09377,-0.00015,-250.75758,0.0,-11699.15765,0.0
50.46999999999988,278.31000000000006,8.75,4.0,50.0,59.99999999999999,0.0,-4.928475936521939e-14,-4.75,0.0,-0.0603,249.32761,-0.00013,-250.75758,0.0,-11448.40007,0.0
47.251999999999875,281.5280000000001,8.75,4.0,50.0,59.99999999999999,0.0,-4.928475936521939e-14,-4.75,0.0,-0.0606,483.64234,-0.00026,-250.75758,0.0,-11197.64249,0.0
44.03399999999988,284.74600000000004,8.75,4.0,50.0,59.99999999999999,0.0,-4.928475936521939e-14,-4.75,0.0,-0.061,115.86399,-6.0e-5,-250.75758,0.0,-10946.88491,0.0
40.81599999999988,287.96400000000006,8.75,4.0,50.0,59.99999999999999,0.0,-4.928475936521939e-14,-4.7491,0.0,-0.0613,-0.0,-0.0,-250.75758,0.0,-10696.12733,0.0
37.59799999999988,291.1820000000001,8.75,4.0,50.0,59.99999999999999,0.0,-4.928475936521939e-14,-4.748,0.0,-0.0616,-0.0,-0.0,-250.75758,0.0,-10445.36974,0.0
34.37999999999988,294.40000000000003,8.75,4.0,50.0,59.99999999999999,0.0,-4.928475936521939e-14,-4.75,0.0,-0.062,1695.63296,-0.00087,-260.15292,0.0,-10185.21682,0.0
30.948888888888785,297.83111111111117,8.75,3.969,50.0,59.99999999999999,0.0,-4.928475936521939e-14,-4.7594,0.0,-0.0623,-0.0,-0.0,-269.54826,0.0,-9915.66856,0.0
27.517777777777685,301.26222222222225,8.75,3.969,50.0,59.99999999999999,0.0,-4.928475936521939e-14,-4.7704,0.0,-0.0626,-0.0,-0.0,-269.54826,0.0,-9646.1203,0.0
24.086666666666588,304.6933333333333,8.75,3.969,50.0,59.99999999999999,0.0,-4.928475936521939e-14,-4.778,0.0,-0.0629,-0.0,-0.0,-269.54826,0.0,-9376.57204,0.0
20.65555555555549,308.12444444444446,8.75,3.969,50.0,59.99999999999999,0.0,-4.928475936521939e-14,-4.781,0.0,-0.0632,616.0716,-0.00023,-269.54826,0.0,-9107.02377,0.0
17.22444444444439,311.55555555555554,8.75,3.969,50.0,59.99999999999999,0.0,-4.928475936521939e-14,-4.781,0.0,-0.0635,439.54443,-0.00014,-269.54826,0.0,-8837.47551,0.0
13.793333333333294,314.9866666666666,8.75,3.969,50.0,59.99999999999999,0.0,-4.928475936521939e-14,-4.7776,0.0,-0.0638,-0.0,-0.0,-269.54826,0.0,-8567.92725,0.0
10.362222222222195,318.41777777777776,8.75,3.969,50.0,59.99999999999999,0.0,-4.928475936521939e-14,-4.7694,0.0,-0.0641,-0.0,-0.0,-269.54826,0.0,-8298.37898,0.0
6.931111111111098,321.84888888888884,8.75,3.969,50.0,59.99999999999999,0.0,-4.928475936521939e-14,-4.7583,0.0,-0.0643,-0.0,-0.0,-269.54826,0.0,-8028.83072,0.0
3.5,325.2799999999999,8.75,4.0,50.0,59.99999999999999,0.0,-4.928475936521939e-14,-4.75,0.0,-0.0646,2045.32861,-0.00014,-204.73918,0.0,-7824.09154,0.0
1.75,327.0299999999999,8.75,4.0,50.0,59.99999999999999,0.0,-4.928475936521939e-14,-4.7493,0.0,-0.0647,-0.0,-0.0,-139.9301,0.0,-7684.16143,0.0
0.0,328.7799999999999,8.75,4.0,50.0,59.99999999999999,0.0,-4.928475936521939e-14,-4.75,-0.0,-0.0648,-801.19833,-0.00045,-7684.16143,0.0,-7614.19638,0.0
