depth,dtb,radius,od,incl,hdng,x,y,dx,dy,dz,fx,fy,fz,friction,fn,fs
328.7799999999999,0.0,8.75,8.75,45.0,59.99999999999999,0.0,0.0,0.0,-0.0,-0.0,-14622.55092,-0.03925,-96.78642,0.0,-29903.21358,0.0
327.3399999999999,1.4400000000000002,8.75,4.75,45.0,59.99999999999999,0.0,0.0,0.0161,0.0,-0.0003,-0.0,-0.0,-286.73563,0.0,-29616.47795,0.0
324.3399999999999,4.44,8.75,4.75,45.0,59.99999999999999,0.0,0.0,0.0207,0.0,-0.0011,-0.0,-0.0,-268.81729,0.0,-29347.66066,0.0
323.09999999999997,5.68,8.75,8.75,45.0,59.99999999999999,0.0,0.0,0.0,0.0,-0.0013,21110.83585,0.04328,-335.82541,0.0,-29011.83525,0.0
319.05999999999995,9.72,8.75,4.75,45.0,59.99999999999999,0.0,0.0,-0.1911,-0.0,-0.0023,-0.0,-0.0,-533.05128,0.0,-28478.78397,0.0
315.31499999999994,13.465000000000002,8.75,4.75,45.0,59.99999999999998,0.0,-7.0559955093248876e-15,-0.5045,-0.0,-0.0031,-0.0,-0.0,-552.18791,0.0,-27926.59606,0.0
311.56999999999994,17.21,8.75,4.75,45.0,59.99999999999999,0.0,-1.4111991018649774e-14,-0.9061,-0.0,-0.004,-0.0,-0.0,-552.18791,0.0,-27374.40815,0.0
307.82499999999993,20.955000000000002,8.75,4.75,45.0,59.99999999999999,0.0,-1.4111991018649774e-14,-1.3586,-0.0,-0.0048,-0.0,-0.0,-552.18791,0.0,-26822.22024,0.0
304.0799999999999,24.700000000000003,8.75,4.75,45.0,59.99999999999999,0.0,-1.4111991018649774e-14,-1.8289,-0.0,-0.0056,-0.0,-0.0,-552.18791,0.0,-26270.03233,0.0
300.3349999999999,28.445000000000004,8.75,4.75,45.0,59.99999999999999,0.0,-1.4111991018649774e-14,-2.2891,-0.0,-0.0064,-0.0,-0.0,-552.18791,0.0,-25717.84442,0.0
296.5899999999999,32.190000000000005,8.75,4.75,45.0,59.99999999999999,0.0,-1.4111991018649774e-14,-2.7161,-0.0,-0.0072,-0.0,-0.0,-552.18791,0.0,-25165.65651,0.0
292.84499999999997,35.935,8.75,4.75,45.0,59.99999999999999,0.0,-1.4111991018649774e-14,-3.0918,-0.0,-0.008,-0.0,-0.0,-552.18791,0.0,-24613.4686,0.0
289.09999999999997,39.68,8.75,4.75,45.0,59.99999999999999,0.0,-1.4111991018649774e-14,-3.4035,-0.0,-0.0087,-0.0,-0.0,-552.18791,0.0,-24061.28069,0.0
285.35499999999996,43.425000000000004,8.75,4.75,45.0,59.99999999999999,0.0,-1.4111991018649774e-14,-3.6435,-0.0,-0.0095,-0.0,-0.0,-552.18791,0.0,-23509.09278,0.0
281.60999999999996,47.17000000000001,8.75,4.8125,45.0,59.99999999999999,0.0,-1.4111991018649774e-14,-3.8096,-0.0,-0.0102,-0.0,-0.0,-567.16715,0.0,-22941.92563,0.0
277.73999999999995,51.04,8.75,4.8125,45.0,59.99999999999999,0.0,-1.4111991018649774e-14,-3.9068,-0.0,-0.011,-0.0,-0.0,-582.1464,0.0,-22359.77923,0.0
273.86999999999995,54.910000000000004,8.75,4.8125,45.0,59.99999999999999,0.0,-1.4111991018649774e-14,-3.9375,-0.0,-0.0117,3798.69364,0.02752,-582.1464,0.0,-21777.63283,0.0
269.99999999999994,58.78000000000001,8.75,4.8125,45.0,59.99999999999999,0.0,-1.4111991018649774e-14,-3.9108,-0.0,-0.0124,-0.0,-0.0,-582.1464,0.0,-21195.48643,0.0
266.12999999999994,62.65000000000001,8.75,4.8125,45.0,59.99999999999999,0.0,-1.4111991018649774e-14,-3.8181,-0.0,-0.0131,-0.0,-0.0,-582.1464,0.0,-20613.34003,0.0
262.25999999999993,66.52000000000002,8.75,4.8125,45.0,59.99999999999999,0.0,-1.4111991018649774e-14,-3.6506,-0.0,-0.0137,-0.0,-0.0,-582.1464,0.0,-20031.19364,0.0
258.38999999999993,70.39000000000003,8.75,4.8125,45.0,59.99999999999999,0.0,-1.4111991018649774e-14,-3.4055,-0.0,-0.0144,-0.0,-0.0,-582.1464,0.0,-19449.04724,0.0
254.5199999999999,74.26000000000003,8.75,4.8125,45.0,59.99999999999999,0.0,-1.4111991018649774e-14,-3.0853,-0.0,-0.015,-0.0,-0.0,-567.62793,0.0,-18881.41931,0.0
250.76874999999993,78.01125000000003,8.75,4.75,45.0,59.99999999999999,0.0,-1.4111991018649774e-14,-2.7113,-0.0,-0.0156,-0.0,-0.0,-553.10945,0.0,-18328.30986,0.0
247.01749999999993,81.76250000000003,8.75,4.75,45.0,59.99999999999999,0.0,-1.4111991018649774e-14,-2.2873,-0.0,-0.0162,-0.0,-0.0,-553.10945,0.0,-17775.20041,0.0
243.2662499999999,85.51375000000003,8.75,4.75,45.0,59.99999999999999,0.0,-1.4111991018649774e-14,-1.8311,-0.0,-0.0168,-0.0,-0.0,-553.10945,0.0,-17222.09096,0.0
239.51499999999987,89.26500000000004,8.75,4.75,45.0,59.99999999999999,0.0,-1.4111991018649774e-14,-1.3653,-0.0,-0.0174,-0.0,-0.0,-553.10945,0.0,-16668.9815,0.0
235.76374999999987,93.01625000000006,8.75,4.75,45.0,59.99999999999999,0.0,-1.4111991018649774e-14,-0.9174,-0.0,-0.0179,-0.0,-0.0,-553.10945,0.0,-16115.87205,0.0
232.0124999999999,96.76750000000006,8.75,4.75,45.0,59.99999999999999,0.0,-1.4111991018649774e-14,-0.5199,-0.0,-0.0184,-0.0,-0.0,-553.10945,0.0,-15562.7626,0.0
228.26124999999988,100.51875000000007,8.75,4.75,45.0,59.99999999999999,0.0,-1.4111991018649774e-14,-0.2097,-0.0,-0.0189,-0.0,-0.0,-553.10945,0.0,-15009.65315,0.0
224.50999999999985,104.27000000000008,8.75,4.75,45.0,59.99999999999999,0.0,-1.4111991018649774e-14,-0.0283,-0.0,-0.0194,-0.0,-0.0,-394.9564,0.0,-14614.69675,0.0
222.63999999999987,106.14000000000009,8.75,8.75,45.0,59.99999999999999,0.0,-1.4111991018649774e-14,0.0,0.0,-0.0197,11829.47716,-0.06614,-354.57185,0.0,-14260.12491,0.0
218.90999999999985,109.87000000000008,8.75,4.75,45.0,59.99999999999999,0.0,-1.4111991018649774e-14,-0.0818,0.0,-0.0202,-0.0,-0.0,-498.38759,0.0,-13761.73732,0.0
214.80571428571412,113.97428571428578,8.75,4.75,45.0,59.99999999999999,0.0,-1.4111991018649774e-14,-0.3492,0.0,-0.0207,-0.0,-0.0,-524.43483,0.0,-13237.30249,0.0
210.70142857142844,118.0785714285715,8.75,4.75,45.0,59.99999999999999,0.0,-1.4111991018649774e-14,-0.7526,0.0,-0.0212,-0.0,-0.0,-524.43483,0.0,-12712.86767,0.0
206.59714285714276,122.1828571428572,8.75,4.75,45.0,59.99999999999999,0.0,-1.4111991018649774e-14,-1.2456,0.0001,-0.0217,-0.0,-0.0,-524.43483,0.0,-12188.43284,0.0
202.49285714285702,126.28714285714291,8.75,4.75,45.0,59.99999999999999,0.0,-1.4111991018649774e-14,-1.7869,0.0001,-0.0221,-0.0,-0.0,-524.43483,0.0,-11663.99802,0.0
198.38857142857128,130.39142857142863,8.75,4.75,45.0,59.99999999999999,0.0,-1.4111991018649774e-14,-2.3405,0.0001,-0.0226,-0.0,-0.0,-524.43483,0.0,-11139.56319,0.0
194.2842857142856,134.49571428571434,8.75,4.75,45.0,59.99999999999999,0.0,-1.4111991018649774e-14,-2.8757,0.0001,-0.023,-0.0,-0.0,-524.43483,0.0,-10615.12837,0.0
190.17999999999992,138.60000000000005,8.75,4.75,45.0,59.99999999999999,0.0,-1.4111991018649774e-14,-3.3676,0.0001,-0.0235,-0.0,-0.0,-384.33076,0.0,-10230.7976,0.0
188.0699999999999,140.71000000000004,8.75,4.5625,45.0,59.99999999999998,0.0,-1.808746512403708e-14,-3.5971,0.0001,-0.0237,-0.0,-0.0,-244.2267,0.0,-9986.5709,0.0
185.9599999999999,142.82000000000002,8.75,4.5625,45.0,59.99999999999999,0.0,-2.206293922942439e-14,-3.8078,0.0001,-0.0239,-0.0,-0.0,-254.03645,0.0,-9732.53445,0.0
182.851111111111,145.9288888888889,8.75,3.9375,45.0,59.99999999999999,0.0,-2.206293922942439e-14,-4.0808,0.0001,-0.0242,-0.0,-0.0,-263.84621,0.0,-9468.68824,0.0
179.74222222222215,149.0377777777778,8.75,3.9375,45.0,59.99999999999999,0.0,-2.206293922942439e-14,-4.3062,0.0001,-0.0245,-0.0,-0.0,-263.84621,0.0,-9204.84203,0.0
176.63333333333324,152.14666666666668,8.75,3.9375,45.0,59.99999999999999,0.0,-2.206293922942439e-14,-4.4832,0.0001,-0.0248,-0.0,-0.0,-263.84621,0.0,-8940.99583,0.0
173.52444444444436,155.25555555555556,8.75,3.9375,45.0,59.99999999999998,0.0,-2.792043082862065e-14,-4.6135,0.0001,-0.0251,-0.0,-0.0,-263.84621,0.0,-8677.14962,0.0
170.41555555555547,158.36444444444444,8.75,3.9375,45.0,59.99999999999998,0.0,-3.377792242781691e-14,-4.7015,0.0001,-0.0254,-0.0,-0.0,-263.84621,0.0,-8413.30341,0.0
167.3066666666666,161.47333333333333,8.75,3.9375,45.0,59.99999999999998,0.0,-3.9635414027013173e-14,-4.7545,0.0001,-0.0256,-0.0,-0.0,-263.84621,0.0,-8149.4572,0.0
164.1977777777777,164.5822222222222,8.75,3.9375,45.0,59.99999999999999,0.0,-4.5492905626209435e-14,-4.782,0.0001,-0.0259,-0.0,-0.0,-263.84621,0.0,-7885.61099,0.0
161.08888888888882,167.6911111111111,8.75,3.9375,45.0,59.99999999999999,0.0,-4.5492905626209435e-14,-4.7964,0.0001,-0.0261,-0.0,-0.0,-263.84621,0.0,-7621.76479,0.0
157.97999999999993,170.79999999999998,8.75,3.9375,45.0,59.99999999999999,0.0,-4.5492905626209435e-14,-4.8125,0.0001,-0.0264,3265.8593,-0.05066,-256.70183,0.0,-7365.06296,0.0
154.7077777777777,174.07222222222222,8.75,3.7815,45.0,59.99999999999999,0.0,-4.5492905626209435e-14,-4.8445,0.0001,-0.0266,-0.0,-0.0,-249.55745,0.0,-7115.50551,0.0
151.43555555555545,177.34444444444446,8.75,3.7815,45.0,59.99999999999999,0.0,-4.5492905626209435e-14,-4.8843,0.0001,-0.0269,-0.0,-0.0,-249.55745,0.0,-6865.94807,0.0
148.1633333333332,180.6166666666667,8.75,3.7815,45.0,59.99999999999999,0.0,-4.5492905626209435e-14,-4.9218,0.0001,-0.0271,-0.0,-0.0,-249.55745,0.0,-6616.39062,0.0
144.89111111111097,183.88888888888894,8.75,3.7815,45.0,59.99999999999999,0.0,-4.5492905626209435e-14,-4.9501,0.0001,-0.0273,-0.0,-0.0,-249.55745,0.0,-6366.83317,0.0
141.61888888888873,187.16111111111118,8.75,3.7815,45.0,59.99999999999999,0.0,-4.5492905626209435e-14,-4.9658,0.0,-0.0275,-0.0,-0.0,-249.55745,0.0,-6117.27573,0.0
138.3466666666665,190.43333333333342,8.75,3.7815,45.0,59.99999999999999,0.0,-4.5492905626209435e-14,-4.9685,0.0,-0.0278,168.1026,-0.00138,-249.55745,0.0,-5867.71828,0.0
135.07444444444425,193.70555555555566,8.75,3.7815,45.0,59.99999999999999,0.0,-4.5492905626209435e-14,-4.9611,0.0,-0.0279,-0.0,-0.0,-249.55745,0.0,-5618.16084,0.0
131.802222222222,196.9777777777779,8.75,3.7815,45.0,59.99999999999999,0.0,-4.5492905626209435e-14,-4.9483,0.0,-0.0281,-0.0,-0.0,-249.55745,0.0,-5368.60339,0.0
128.52999999999977,200.25000000000014,8.75,3.8125,45.0,59.99999999999999,0.0,-4.5492905626209435e-14,-4.9375,0.0,-0.0283,1771.32311,-0.01011,-244.7597,0.0,-5123.84369,0.0
125.4429999999998,203.33700000000013,8.75,3.8125,45.0,59.99999999999999,0.0,-4.5492905626209435e-14,-4.9357,0.0,-0.0285,-0.0,-0.0,-239.96195,0.0,-4883.88174,0.0
122.35599999999981,206.42400000000012,8.75,3.8125,45.0,59.99999999999999,0.0,-4.5492905626209435e-14,-4.9375,0.0,-0.0286,49.96219,-0.00022,-239.96195,0.0,-4643.91979,0.0
119.26899999999982,209.5110000000001,8.75,3.8125,45.0,59.99999999999999,0.0,-4.5492905626209435e-14,-4.9375,0.0,-0.0288,313.35947,-0.00124,-239.96195,0.0,-4403.95784,0.0
116.18199999999983,212.5980000000001,8.75,3.8125,45.0,59.99999999999999,0.0,-4.5492905626209435e-14,-4.932,0.0,-0.0289,-0.0,-0.0,-239.96195,0.0,-4163.99588,0.0
113.09499999999984,215.6850000000001,8.75,3.8125,45.0,59.99999999999999,0.0,-4.5492905626209435e-14,-4.9174,0.0,-0.029,-0.0,-0.0,-239.96195,0.0,-3924.03393,0.0
110.00799999999985,218.77200000000008,8.75,3.8125,45.0,59.99999999999999,0.0,-4.5492905626209435e-14,-4.8925,0.0,-0.0292,-0.0,-0.0,-239.96195,0.0,-3684.07198,0.0
106.92099999999986,221.85900000000007,8.75,3.8125,45.0,59.99999999999999,0.0,-4.5492905626209435e-14,-4.8582,0.0,-0.0293,-0.0,-0.0,-239.96195,0.0,-3444.11003,0.0
103.83399999999988,224.94600000000005,8.75,3.8125,45.0,59.99999999999999,0.0,-4.5492905626209435e-14,-4.8184,0.0,-0.0294,-0.0,-0.0,-239.96195,0.0,-3204.14808,0.0
100.74699999999989,228.03300000000004,8.75,3.8125,45.0,59.99999999999999,0.0,-4.5492905626209435e-14,-4.7793,0.0,-0.0295,-0.0,-0.0,-239.96195,0.0,-2964.18613,0.0
97.6599999999999,231.12000000000003,8.75,4.0,45.0,59.99999999999999,0.0,-4.5492905626209435e-14,-4.75,0.0,-0.0296,2198.67994,-0.00374,-271.9582,0.0,-2692.22793,0.0
94.20444444444433,234.5755555555556,8.75,4.0,45.0,59.99999999999999,0.0,-4.5492905626209435e-14,-4.7375,0.0,-0.0297,-0.0,-0.0,-303.95444,0.0,-2388.27349,0.0
90.74888888888877,238.03111111111116,8.75,4.0,45.0,59.99999999999999,0.0,-4.5492905626209435e-14,-4.7386,0.0,-0.0297,-0.0,-0.0,-303.95444,0.0,-2084.31904,0.0
87.29333333333322,241.4866666666667,8.75,4.0,45.0,59.99999999999999,0.0,-4.5492905626209435e-14,-4.7441,0.0,-0.0298,-0.0,-0.0,-303.95444,0.0,-1780.3646,0.0
83.83777777777766,244.94222222222228,8.75,4.0,45.0,59.99999999999999,0.0,-4.5492905626209435e-14,-4.7485,0.0,-0.0299,-0.0,-0.0,-303.95444,0.0,-1476.41016,0.0
80.3822222222221,248.39777777777783,8.75,4.0,45.0,59.99999999999999,0.0,-4.5492905626209435e-14,-4.75,0.0,-0.0299,318.84175,-0.00033,-303.95444,0.0,-1172.45572,0.0
76.92666666666655,251.85333333333338,8.75,4.0,45.0,59.99999999999999,0.0,-4.5492905626209435e-14,-4.75,0.0,-0.03,493.50426,-0.00048,-303.95444,0.0,-868.50128,0.0
73.47111111111099,255.30888888888896,8.75,4.0,45.0,59.99999999999999,0.0,-4.5492905626209435e-14,-4.75,0.0,-0.03,253.16077,-0.00024,-303.95444,0.0,-564.54683,0.0
70.01555555555542,258.7644444444445,8.75,4.0,45.0,59.99999999999999,0.0,-4.5492905626209435e-14,-4.75,0.0,-0.03,317.58063,-0.00029,-303.95444,0.0,-260.59239,0.0
66.55999999999987,262.2200000000001,8.75,4.0,45.0,59.99999999999999,0.0,-4.5492905626209435e-14,-4.75,0.0,-0.03,286.21162,-0.00025,-289.90177,0.0,29.30938,0.0
63.34199999999987,265.43800000000005,8.75,4.0,45.0,59.99999999999999,0.0,-4.5492905626209435e-14,-4.75,0.0,-0.03,276.66226,-0.00024,-275.8491,0.0,305.15848,0.0
60.123999999999874,268.65600000000006,8.75,4.0,45.0,59.99999999999999,0.0,-4.5492905626209435e-14,-4.75,0.0,-0.03,276.55837,-0.00024,-275.8491,0.0,581.00759,0.0
56.90599999999987,271.8740000000001,8.75,4.0,45.0,59.99999999999999,0.0,-4.5492905626209435e-14,-4.75,0.0,-0.03,272.1989,-0.00023,-275.8491,0.0,856.85669,0.0
53.687999999999874,275.09200000000004,8.75,4.0,45.0,59.99999999999999,0.0,-4.5492905626209435e-14,-4.75,0.0,-0.03,289.74055,-0.00025,-275.8491,0.0,1132.70579,0.0
50.46999999999988,278.31000000000006,8.75,4.0,45.0,59.99999999999999,0.0,-4.5492905626209435e-14,-4.75,0.0,-0.03,223.9338,-0.00019,-275.8491,0.0,1408.5549,0.0
47.251999999999875,281.5280000000001,8.75,4.0,45.0,59.99999999999999,0.0,-4.5492905626209435e-14,-4.75,0.0,-0.0299,469.61779,-0.00038,-275.8491,0.0,1684.404,0.0
44.03399999999988,284.74600000000004,8.75,4.0,45.0,59.99999999999999,0.0,-4.5492905626209435e-14,-4.75,0.0,-0.0299,71.21701,-6.0e-5,-275.8491,0.0,1960.2531,0.0
40.81599999999988,287.96400000000006,8.75,4.0,45.0,59.99999999999999,0.0,-4.5492905626209435e-14,-4.7491,0.0,-0.0298,-0.0,-0.0,-275.8491,0.0,2236.10221,0.0
37.59799999999988,291.1820000000001,8.75,4.0,45.0,59.99999999999999,0.0,-4.5492905626209435e-14,-4.748,0.0,-0.0297,-0.0,-0.0,-275.8491,0.0,2511.95131,0.0
34.37999999999988,294.40000000000003,8.75,4.0,45.0,59.99999999999999,0.0,-4.5492905626209435e-14,-4.75,0.0,-0.0297,1603.77689,-0.00111,-286.18457,0.0,2798.13588,0.0
30.948888888888785,297.83111111111117,8.75,3.969,45.0,59.99999999999999,0.0,-4.5492905626209435e-14,-4.7591,0.0,-0.0296,-0.0,-0.0,-296.52003,0.0,3094.65591,0.0
27.517777777777685,301.26222222222225,8.75,3.969,45.0,59.99999999999999,0.0,-4.5492905626209435e-14,-4.7701,0.0,-0.0295,-0.0,-0.0,-296.52003,0.0,3391.17595,0.0
24.086666666666588,304.6933333333333,8.75,3.969,45.0,59.99999999999999,0.0,-4.5492905626209435e-14,-4.7778,0.0,-0.0294,-0.0,-0.0,-296.52003,0.0,3687.69598,0.0
20.65555555555549,308.12444444444446,8.75,3.969,45.0,59.99999999999999,0.0,-4.5492905626209435e-14,-4.781,0.0,-0.0293,552.46649,-0.00026,-296.52003,0.0,3984.21602,0.0
17.22444444444439,311.55555555555554,8.75,3.969,45.0,59.99999999999999,0.0,-4.5492905626209435e-14,-4.781,0.0,-0.0291,376.786,-0.00015,-296.52003,0.0,4280.73605,0.0
13.793333333333294,314.9866666666666,8.75,3.969,45.0,59.99999999999999,0.0,-4.5492905626209435e-14,-4.7774,0.0,-0.029,-0.0,-0.0,-296.52003,0.0,4577.25609,0.0
10.362222222222195,318.41777777777776,8.75,3.969,45.0,59.99999999999999,0.0,-4.5492905626209435e-14,-4.7691,0.0,-0.0289,-0.0,-0.0,-296.52003,0.0,4873.77612,0.0
6.931111111111098,321.84888888888884,8.75,3.969,45.0,59.99999999999999,0.0,-4.5492905626209435e-14,-4.7581,0.0,-0.0287,-0.0,-0.0,-296.52003,0.0,5170.29616,0.0
3.5,325.2799999999999,8.75,4.0,45.0,59.99999999999999,0.0,-4.5492905626209435e-14,-4.75,0.0,-0.0285,1956.82926,-0.00017,-225.22597,0.0,5395.52213,0.0
1.75,327.0299999999999,8.75,4.0,45.0,59.99999999999999,0.0,-4.5492905626209435e-14,-4.7493,0.0,-0.0284,-0.0,-0.0,-153.93191,0.0,5549.45404,0.0
0.0,328.7799999999999,8.75,4.0,45.0,59.99999999999999,0.0,-4.5492905626209435e-14,-4.75,-0.0,-0.0284,-785.39583,-0.00052,5549.45404,0.0,5626.42,0.0
