depth,dtb,radius,od,incl,hdng,x,y,dx,dy,dz,fx,fy,fz,friction,fn,fs
399.48999999999984,0.0,8.75,6.25,29.999999999999996,59.99999999999999,0.0,0.0,-2.2984,0.0024,-0.0,-0.0,-0.0,-55.37114,0.0,-19944.62886,0.0
398.48999999999984,1.0,8.75,3.9375,30.038915615319052,59.99999999999999,-0.004075233628208164,0.0,-2.4206,0.0023,-0.0002,-0.0,-0.0,-151.45809,0.0,-19793.17078,0.0
396.6399999999999,2.85,8.75,6.125,30.110909503659297,59.99999999999999,-0.033101077433202314,0.0,-2.625,0.0022,-0.0006,14.94242,-0.01248,-298.49886,0.0,-19494.67191,0.0
392.73999999999984,6.75,8.75,4.0,30.262680403403603,59.99999999999999,-0.1856775571211646,0.0,-2.9635,0.0019,-0.0013,-0.0,-0.0,-1085.83637,0.0,-18408.83554,0.0
378.48499999999984,21.005,8.749999999999998,4.0,30.817422499776697,59.99999999999999,-1.7980098124924908,0.0,-3.2491,0.001,-0.004,-0.0,-0.0,-1757.30889,0.0,-16651.52666,0.0
364.22999999999985,35.26,8.75,4.0,31.372164596149787,59.99999999999999,-5.066382984369549,0.0,-2.6855,0.0003,-0.0064,-0.0,-0.0,-979.24048,0.0,-15672.28618,0.0
362.45999999999987,37.03,8.75,6.125,31.44104523526451,59.99999999999999,-5.587770208627985,0.0,-2.625,0.0002,-0.0067,3341.30246,-0.26432,-331.19515,0.0,-15341.09103,0.0
358.67999999999984,40.81,8.75,4.4375,31.588146261170525,59.99999999999999,-6.786707767182824,0.0,-2.5362,0.0001,-0.0073,-0.0,-0.0,-414.1569,0.0,-14926.93413,0.0
356.17999999999984,43.31,8.75,4.4375,31.685435299468157,59.99999999999999,-7.643612851815194,0.0,-2.5024,0.0,-0.0077,-0.0,-0.0,-845.01249,0.0,-14081.92164,0.0
343.67999999999984,55.81,8.75,4.4375,32.17188049095631,59.99999999999999,-12.69187393088985,0.0,-2.5029,-0.0002,-0.0095,-0.0,-0.0,-1305.61246,0.0,-12776.30918,0.0
331.17999999999984,68.31,8.75,6.125,32.65832568244446,59.99999999999999,-19.012726876992993,0.0,-2.625,-0.0002,-0.0111,1790.85042,0.13244,-1388.45526,0.0,-11387.85392,0.0
316.9499999999999,82.54,8.75,4.4375,33.21209488843458,59.99999999999999,-27.75677936525723,0.0,-2.8236,-0.0001,-0.0127,-0.0,-0.0,-917.14877,0.0,-10470.70515,0.0
314.48999999999984,85.0,8.75,4.4375,33.30782730211945,59.99999999999999,-29.435474342008373,0.0,-2.835,-0.0001,-0.0129,-0.0,-0.0,-1153.07438,0.0,-9317.63077,0.0
299.64999999999986,99.83999999999999,8.75,4.1565,33.88533503345418,59.99999999999999,-40.60660499589818,0.0,-2.6845,-0.0,-0.0142,-0.0,-0.0,-1928.38634,0.0,-7389.24443,0.0
284.8099999999999,114.67999999999999,8.75,4.1565,34.462842764788924,59.99999999999999,-53.56854425005775,0.0,-2.5846,0.0,-0.0153,-0.0,-0.0,-1041.23671,0.0,-6348.00772,0.0
283.35999999999984,116.13,8.75,6.125,34.51927040700155,59.99999999999999,-54.931024870435834,0.0,-2.625,0.0,-0.0154,4547.39685,-0.04581,-299.67348,0.0,-6048.33424,0.0
279.60999999999984,119.88,8.75,4.1565,34.665203964448,59.99999999999999,-58.53389917091058,0.0,-2.7939,0.0,-0.0156,-0.0,-0.0,-1169.09033,0.0,-4879.24391,0.0
264.7999999999999,134.69,8.75,4.1565,35.24154422732316,59.99999999999999,-73.87913880828665,0.0,-3.8545,0.0001,-0.0163,-0.0,-0.0,-1893.35816,0.0,-2985.88576,0.0
249.98999999999987,149.5,8.75,4.1565,35.81788449019833,59.99999999999999,-91.00458730096082,0.0,-4.5935,0.0,-0.0167,530.42375,-0.00528,-1726.6549,0.0,-1259.23086,0.0
234.39071428571415,165.0992857142857,8.75,4.0,36.42494029230746,59.99999999999999,-110.96586969972097,0.0,-4.75,0.0,-0.0169,1948.03589,-0.01102,-1561.38307,0.0,302.15222,0.0
218.79142857142844,180.69857142857143,8.75,4.0,37.03199609441659,59.99999999999999,-132.8980023886671,0.0,-4.75,0.0,-0.0169,1423.0259,-0.00333,-1549.08796,0.0,1851.24018,0.0
203.1921428571427,196.29785714285717,8.75,4.0,37.63905189652573,59.99999999999998,-156.79852336373293,-2.5208310046510193e-14,-4.75,0.0,-0.0166,1402.74629,-0.00061,-1536.61896,0.0,3387.85914,0.0
187.592857142857,211.89714285714285,8.75,4.0,38.24610769863486,59.99999999999999,-182.6647496583021,-5.076534743204063e-14,-4.75,-0.0,-0.0161,1467.32877,0.00051,-1523.97746,0.0,4911.83659,0.0
171.9935714285713,227.49642857142854,8.75,4.0,38.85316350074399,59.99999999999999,-210.49377764438648,-5.076534743204063e-14,-4.75,-0.0,-0.0154,1508.39289,0.00073,-1511.16488,0.0,6423.00148,0.0
156.39428571428562,243.09571428571425,8.75,4.0,39.460219302853126,59.99999999999999,-240.28248335857424,-5.076534743204063e-14,-4.75,-0.0,-0.0144,1554.90148,0.00055,-1498.18267,0.0,7921.18415,0.0
140.79499999999993,258.69499999999994,8.75,4.0,40.067275104962256,59.99999999999999,-272.02752285271225,-5.076534743204063e-14,-4.75,-0.0,-0.0133,1599.21746,0.0003,-1485.03228,0.0,9406.21643,0.0
125.19571428571423,274.29428571428565,8.75,4.0,40.674330907071386,59.99999999999999,-305.725332569283,-5.076534743204063e-14,-4.75,-0.0,-0.0119,1642.86186,0.00011,-1471.71519,0.0,10877.93161,0.0
109.59642857142853,289.8935714285713,8.75,4.0,41.281386709180524,59.99999999999999,-341.37212974143364,-5.076534743204063e-14,-4.75,-0.0,-0.0103,1687.29672,1.0e-5,-1458.23288,0.0,12336.1645,0.0
93.99714285714283,305.492857142857,8.75,4.0,41.888442511289654,59.99999999999999,-378.96391281761265,-5.076534743204063e-14,-4.75,0.0,-0.0085,1725.07744,-3.0e-5,-1444.58689,0.0,13780.75139,0.0
78.39785714285715,321.09214285714273,8.75,4.0,42.495498313398784,59.99999999999999,-418.4964619107664,-5.076534743204063e-14,-4.75,0.0,-0.0065,1784.42039,-3.0e-5,-1430.77873,0.0,15211.53011,0.0
62.79857142857145,336.6914285714284,8.75,4.0,43.10255411550792,59.99999999999999,-459.96533927204484,-5.076534743204063e-14,-4.75,0.0,-0.0043,1759.89784,-2.0e-5,-1416.80996,0.0,16628.34007,0.0
47.19928571428576,352.2907142857141,8.75,4.0,43.70960991761705,59.99999999999999,-503.3658897889636,-5.076534743204063e-14,-4.75,0.0,-0.0019,2044.66359,-1.0e-5,-1402.68214,0.0,18031.02221,0.0
31.600000000000062,367.8899999999998,8.75,4.0,44.31666571972618,59.99999999999999,-548.6932415079664,-5.076534743204063e-14,-4.75,0.0,0.0007,1194.61054,-0.0,-1397.32904,0.0,19428.35124,0.0
15.800000000000031,383.6899999999998,8.75,4.0,44.93153244176721,59.99999999999999,-596.5627598282565,-5.076534743204063e-14,-4.75,0.0,0.0036,4586.60747,-0.0,-1391.44504,0.0,20819.79628,0.0
0.0,399.48999999999984,8.75,4.0,45.54639916380824,59.99999999999999,-646.3982491613776,-5.076534743204063e-14,-4.75,0.0,0.0067,-1196.48178,0.0,20819.79628,0.0,21508.0306,0.0
