depth,dtb,radius,od,incl,hdng,x,y,dx,dy,dz,fx,fy,fz,friction,fn,fs
328.78,0.0,8.75,8.75,29.999999999999996,59.99999999999999,0.0,0.0,0.0,0.0,-0.0,-8.0e-5,-0.00193,-118.53868,0.0,-39881.46132,0.0
327.34,1.4400000000000002,8.75,4.75,29.923325643856543,59.99999999999999,0.011562219648241162,0.0,0.0344,0.0,-0.0005,-0.0,-0.0,-351.449,0.0,-39530.01232,0.0
324.34,4.44,8.75,4.75,29.763587401891012,59.99999999999999,0.10992126481595682,0.0,0.0311,0.0,-0.0014,-0.0,-0.0,-330.01411,0.0,-39199.99821,0.0
323.09999999999997,5.68,8.75,8.75,29.6975622618786,59.99999999999999,0.17989206826543327,0.0,0.0,-0.0,-0.0018,6191.22184,0.00196,-412.54818,0.0,-38787.45003,0.0
319.06,9.72,8.75,4.75,29.482448096031685,59.99999999999999,0.5268003303428995,0.0,-0.215,-0.0,-0.0031,-0.0,-0.0,-2015.80719,0.0,-36771.64284,0.0
300.335,28.445000000000004,8.75,4.75,28.48541523576352,59.99999999999999,4.511362370971815,0.0,-2.3545,-0.0,-0.0087,-0.0,-0.0,-3431.86667,0.0,-33339.77618,0.0
281.60999999999996,47.17000000000001,8.75,4.8125,27.488382375495352,59.99999999999999,12.404627447752631,0.0,-3.9375,-0.0,-0.0138,587.73785,0.00018,-3009.96126,0.0,-30329.81492,0.0
268.065,60.715,8.75,4.8125,26.767164213020997,60.00000000000001,20.549314968602324,1.6456702535047447e-14,-3.9375,-0.0,-0.0172,2205.16537,0.00101,-2572.71024,0.0,-27757.10468,0.0
254.51999999999998,74.26,8.75,4.8125,26.045946050546643,59.99999999999999,30.736726661928316,3.250778703855595e-14,-3.0807,-0.0,-0.0204,-0.0,-0.0,-2699.97037,0.0,-25057.13432,0.0
239.51499999999996,89.265,8.75,4.75,25.24698861031573,59.99999999999999,44.405150641879565,3.250778703855595e-14,-1.4432,-0.0,-0.0237,-0.0,-0.0,-2829.98326,0.0,-22227.15105,0.0
224.51,104.27,8.75,4.75,24.448031170084818,59.99999999999999,60.57575545059004,3.250778703855595e-14,-0.0715,-0.0,-0.0266,-0.0,-0.0,-1576.58997,0.0,-20650.56108,0.0
222.63999999999996,106.14,8.75,8.75,24.34846099925964,59.99999999999999,62.76619936598738,3.250778703855595e-14,0.0,-0.0,-0.0269,7834.94547,-0.00357,-456.83965,0.0,-20193.72143,0.0
218.90999999999997,109.87,8.75,4.75,24.14985311841583,59.99999999999999,67.25127220349675,3.250778703855595e-14,0.044,0.0,-0.0276,-0.0,-0.0,-1489.07833,0.0,-18704.6431,0.0
204.54499999999996,124.23500000000001,8.75,4.75,23.384973169804233,59.99999999999999,85.9656654476699,3.250778703855595e-14,-0.6949,0.0,-0.0301,-0.0,-0.0,-2382.59606,0.0,-16322.04703,0.0
190.17999999999995,138.60000000000002,8.75,4.75,22.620093221192633,59.99999999999999,106.96593828350265,3.250778703855595e-14,-2.1381,0.0,-0.0323,-0.0,-0.0,-1516.88858,0.0,-14805.15846,0.0
185.95999999999995,142.82000000000002,8.75,4.5625,22.39539476082779,59.99999999999999,113.56899874380605,3.250778703855595e-14,-2.5914,0.0,-0.0329,-0.0,-0.0,-1095.56991,0.0,-13709.58855,0.0
171.96999999999994,156.81000000000003,8.75,3.9375,21.650482092461882,59.99999999999999,136.8668202168904,3.250778703855595e-14,-3.9336,0.0,-0.0349,-0.0,-0.0,-1560.64897,0.0,-12148.93958,0.0
157.97999999999993,170.80000000000004,8.75,3.9375,20.90556942409597,59.99999999999999,162.32412983952628,3.250778703855595e-14,-4.7282,0.0,-0.0366,-0.0,-0.0,-1526.09754,0.0,-10622.84204,0.0
143.25499999999997,185.525,8.75,3.7815,20.121520886448508,59.99999999999999,191.4468406596919,3.250778703855595e-14,-4.9685,0.0,-0.0382,411.98095,-0.00033,-1491.23984,0.0,-9131.60221,0.0
128.52999999999997,200.25,8.75,3.8125,19.337472348801047,59.99999999999999,222.9516863513125,3.250778703855595e-14,-4.9375,0.0,-0.0396,1196.72404,-0.00031,-1282.97562,0.0,-7848.62659,0.0
118.23999999999997,210.54,8.75,3.8125,18.789570178859286,59.99999999999999,246.37838508308238,3.250778703855595e-14,-4.9189,-0.0,-0.0404,-0.0,-0.0,-1070.90793,0.0,-6777.71866,0.0
107.94999999999997,220.83,8.75,3.8125,18.24166800891753,59.99999999999999,270.96335125169406,3.250778703855595e-14,-4.7758,-0.0,-0.0411,-0.0,-0.0,-1074.34307,0.0,-5703.37559,0.0
97.65999999999997,231.12,8.75,4.0,17.693765838975768,59.99999999999999,296.70433669784586,3.250778703855595e-14,-4.3855,-0.0,-0.0417,-0.0,-0.0,-1460.26436,0.0,-4243.11123,0.0
82.10999999999997,246.67,8.75,4.0,16.865789284787784,59.99999999999999,337.79188469635255,3.250778703855595e-14,-3.2847,-0.0,-0.0423,-0.0,-0.0,-1851.15182,0.0,-2391.95941,0.0
66.55999999999999,262.21999999999997,8.75,4.0,16.037812730599804,59.99999999999999,381.5054106894424,3.250778703855595e-14,-1.8373,-0.0,-0.0427,-0.0,-0.0,-1554.41136,0.0,-837.54805,0.0
55.833333333333336,272.94666666666666,8.75,4.0,15.466659772105285,59.99999999999999,413.1853931908772,3.250778703855595e-14,-0.8904,-0.0,-0.0428,-0.0,-0.0,-1253.27345,0.0,415.72541,0.0
45.10666666666668,283.6733333333333,8.75,4.0,14.895506813610766,59.99999999999999,446.1074574621813,3.250778703855595e-14,-0.2061,-0.0,-0.0428,-0.0,-0.0,-1256.66799,0.0,1672.3934,0.0
34.38000000000003,294.3999999999999,8.75,4.0,14.324353855116245,59.99999999999999,480.26833203247617,3.250778703855595e-14,0.0103,-0.0,-0.0426,-0.0,-0.0,-1544.15635,0.0,3216.54974,0.0
18.940000000000015,309.84,8.75,3.969,13.502234369800329,59.99999999999999,531.6078859258187,3.250778703855595e-14,-0.9073,-0.0,-0.0422,-0.0,-0.0,-1834.88565,0.0,5051.43539,0.0
3.5,325.28,8.75,4.0,12.680114884484412,59.99999999999999,585.4964942334055,3.250778703855595e-14,-3.7766,-0.0,-0.0414,-0.0,-0.0,-1132.89248,0.0,6184.32787,0.0
0.0,328.78,8.75,4.0,12.493753602191298,59.99999999999999,598.0653466089814,3.250778703855595e-14,-4.75,0.0,-0.0412,192.16904,0.00029,6184.32787,0.0,6396.86542,0.0
