depth,dtb,radius,od,incl,hdng,x,y,dx,dy,dz,fx,fy,fz,friction,fn,fs
328.7799999999999,0.0,8.75,8.75,35.0,59.99999999999999,0.0,0.0,0.0,0.0,-0.0,-13681.89959,-0.09049,-112.12281,0.0,-29887.87719,0.0
327.3399999999999,1.4400000000000002,8.75,4.75,35.0,59.99999999999999,0.0,0.0,0.015,0.0,-0.0003,-0.0,-0.0,-332.17059,0.0,-29555.7066,0.0
324.3399999999999,4.44,8.75,4.75,35.0,59.99999999999999,0.0,0.0,0.0193,0.0,-0.001,-0.0,-0.0,-311.41299,0.0,-29244.29362,0.0
323.09999999999997,5.68,8.75,8.75,35.0,59.99999999999999,0.0,0.0,0.0,0.0,-0.0013,19329.23386,0.10302,-389.03894,0.0,-28855.25468,0.0
319.05999999999995,9.72,8.75,4.75,35.0,59.99999999999999,0.0,0.0,-0.1788,-0.0,-0.0022,-0.0,-0.0,-617.51641,0.0,-28237.73827,0.0
315.31499999999994,13.465000000000002,8.75,4.75,35.0,59.99999999999998,0.0,-5.723538320982161e-15,-0.4739,-0.0,-0.003,-0.0,-0.0,-639.68536,0.0,-27598.05291,0.0
311.56999999999994,17.21,8.75,4.75,35.0,59.99999999999999,0.0,-1.1447076641964321e-14,-0.8555,-0.0,-0.0039,-0.0,-0.0,-639.68536,0.0,-26958.36755,0.0
307.82499999999993,20.955000000000002,8.75,4.75,35.0,59.99999999999999,0.0,-1.1447076641964321e-14,-1.2897,-0.0,-0.0047,-0.0,-0.0,-639.68536,0.0,-26318.68219,0.0
304.0799999999999,24.700000000000003,8.75,4.75,35.0,59.99999999999999,0.0,-1.1447076641964321e-14,-1.7466,-0.0,-0.0054,-0.0,-0.0,-639.68536,0.0,-25678.99683,0.0
300.3349999999999,28.445000000000004,8.75,4.75,35.0,59.99999999999999,0.0,-1.1447076641964321e-14,-2.1998,-0.0,-0.0062,-0.0,-0.0,-639.68536,0.0,-25039.31148,0.0
296.5899999999999,32.190000000000005,8.75,4.75,35.0,59.99999999999999,0.0,-1.1447076641964321e-14,-2.6272,-0.0,-0.0069,-0.0,-0.0,-639.68536,0.0,-24399.62612,0.0
292.84499999999997,35.935,8.75,4.75,35.0,59.99999999999999,0.0,-1.1447076641964321e-14,-3.0107,-0.0,-0.0077,-0.0,-0.0,-639.68536,0.0,-23759.94076,0.0
289.09999999999997,39.68,8.75,4.75,35.0,59.99999999999999,0.0,-1.1447076641964321e-14,-3.3366,-0.0,-0.0084,-0.0,-0.0,-639.68536,0.0,-23120.2554,0.0
285.35499999999996,43.425000000000004,8.75,4.75,35.0,59.99999999999999,0.0,-1.1447076641964321e-14,-3.5952,-0.0,-0.0091,-0.0,-0.0,-639.68536,0.0,-22480.57004,0.0
281.60999999999996,47.17000000000001,8.75,4.8125,35.0,59.99999999999999,0.0,-1.1447076641964321e-14,-3.7813,-0.0,-0.0097,-0.0,-0.0,-657.03815,0.0,-21823.53189,0.0
277.73999999999995,51.04,8.75,4.8125,35.0,59.99999999999999,0.0,-1.1447076641964321e-14,-3.8967,-0.0001,-0.0104,-0.0,-0.0,-674.39095,0.0,-21149.14094,0.0
273.86999999999995,54.910000000000004,8.75,4.8125,35.0,59.99999999999999,0.0,-1.1447076641964321e-14,-3.9375,-0.0001,-0.0111,2353.30837,0.03366,-674.39095,0.0,-20474.74999,0.0
269.99999999999994,58.78000000000001,8.75,4.8125,35.0,59.99999999999999,0.0,-1.1447076641964321e-14,-3.9089,-0.0001,-0.0117,-0.0,-0.0,-674.39095,0.0,-19800.35904,0.0
266.12999999999994,62.65000000000001,8.75,4.8125,35.0,59.99999999999999,0.0,-1.1447076641964321e-14,-3.806,-0.0001,-0.0123,-0.0,-0.0,-674.39095,0.0,-19125.96809,0.0
262.25999999999993,66.52000000000002,8.75,4.8125,35.0,59.99999999999999,0.0,-1.1447076641964321e-14,-3.6252,-0.0001,-0.013,-0.0,-0.0,-674.39095,0.0,-18451.57714,0.0
258.38999999999993,70.39000000000003,8.75,4.8125,35.0,59.99999999999999,0.0,-1.1447076641964321e-14,-3.3673,-0.0001,-0.0135,-0.0,-0.0,-674.39095,0.0,-17777.1862,0.0
254.5199999999999,74.26000000000003,8.75,4.8125,35.0,59.99999999999999,0.0,-1.1447076641964321e-14,-3.038,-0.0001,-0.0141,-0.0,-0.0,-657.57194,0.0,-17119.61426,0.0
250.76874999999993,78.01125000000003,8.75,4.75,35.0,59.99999999999999,0.0,-1.1447076641964321e-14,-2.6604,-0.0001,-0.0146,-0.0,-0.0,-640.75292,0.0,-16478.86134,0.0
247.01749999999993,81.76250000000003,8.75,4.75,35.0,59.99999999999999,0.0,-1.1447076641964321e-14,-2.2386,-0.0001,-0.0152,-0.0,-0.0,-640.75292,0.0,-15838.10841,0.0
243.2662499999999,85.51375000000003,8.75,4.75,35.0,59.99999999999999,0.0,-1.1447076641964321e-14,-1.7902,-0.0001,-0.0157,-0.0,-0.0,-640.75292,0.0,-15197.35549,0.0
239.51499999999987,89.26500000000004,8.75,4.75,35.0,59.99999999999999,0.0,-1.1447076641964321e-14,-1.3365,-0.0001,-0.0161,-0.0,-0.0,-640.75292,0.0,-14556.60256,0.0
235.76374999999987,93.01625000000006,8.75,4.75,35.0,59.99999999999999,0.0,-1.1447076641964321e-14,-0.903,-0.0,-0.0166,-0.0,-0.0,-640.75292,0.0,-13915.84964,0.0
232.0124999999999,96.76750000000006,8.75,4.75,35.0,59.99999999999999,0.0,-1.1447076641964321e-14,-0.5189,-0.0,-0.0171,-0.0,-0.0,-640.75292,0.0,-13275.09671,0.0
228.26124999999988,100.51875000000007,8.75,4.75,35.0,59.99999999999999,0.0,-1.1447076641964321e-14,-0.2171,-0.0,-0.0175,-0.0,-0.0,-640.75292,0.0,-12634.34379,0.0
224.50999999999985,104.27000000000008,8.75,4.75,35.0,59.99999999999999,0.0,-1.1447076641964321e-14,-0.0343,-0.0,-0.0179,-0.0,-0.0,-457.53958,0.0,-12176.80421,0.0
222.63999999999987,106.14000000000009,8.75,8.75,35.0,59.99999999999999,0.0,-1.1447076641964321e-14,0.0,-0.0,-0.0181,10220.13543,-0.09447,-410.75586,0.0,-11766.04835,0.0
218.90999999999985,109.87000000000008,8.75,4.75,35.0,59.99999999999999,0.0,-1.1447076641964321e-14,-0.0573,0.0,-0.0185,-0.0,-0.0,-577.36006,0.0,-11188.68829,0.0
214.80571428571412,113.97428571428578,8.75,4.75,35.0,59.99999999999999,0.0,-1.1447076641964321e-14,-0.2837,0.0,-0.0189,-0.0,-0.0,-607.53463,0.0,-10581.15366,0.0
210.70142857142844,118.0785714285715,8.75,4.75,35.0,59.99999999999999,0.0,-1.1447076641964321e-14,-0.6385,0.0001,-0.0193,-0.0,-0.0,-607.53463,0.0,-9973.61903,0.0
206.59714285714276,122.1828571428572,8.75,4.75,35.0,59.99999999999999,0.0,-1.1447076641964321e-14,-1.0815,0.0001,-0.0197,-0.0,-0.0,-607.53463,0.0,-9366.08439,0.0
202.49285714285702,126.28714285714291,8.75,4.75,35.0,59.99999999999999,0.0,-1.1447076641964321e-14,-1.5769,0.0001,-0.0201,-0.0,-0.0,-607.53463,0.0,-8758.54976,0.0
198.38857142857128,130.39142857142863,8.75,4.75,35.0,59.99999999999999,0.0,-1.1447076641964321e-14,-2.0931,0.0001,-0.0204,-0.0,-0.0,-607.53463,0.0,-8151.01513,0.0
194.2842857142856,134.49571428571434,8.75,4.75,35.0,59.99999999999999,0.0,-1.1447076641964321e-14,-2.6028,0.0002,-0.0207,-0.0,-0.0,-607.53463,0.0,-7543.48049,0.0
190.17999999999992,138.60000000000005,8.75,4.75,35.0,59.99999999999999,0.0,-1.1447076641964321e-14,-3.0833,0.0002,-0.021,-0.0,-0.0,-445.23025,0.0,-7098.25024,0.0
188.0699999999999,140.71000000000004,8.75,4.5625,35.0,59.99999999999998,0.0,-1.4671820529086437e-14,-3.3129,0.0002,-0.0212,-0.0,-0.0,-282.92587,0.0,-6815.32437,0.0
185.9599999999999,142.82000000000002,8.75,4.5625,35.0,59.99999999999999,0.0,-1.7896564416208553e-14,-3.5279,0.0002,-0.0214,-0.0,-0.0,-294.29004,0.0,-6521.03433,0.0
182.851111111111,145.9288888888889,8.75,3.9375,35.0,59.99999999999999,0.0,-1.7896564416208553e-14,-3.8145,0.0002,-0.0216,-0.0,-0.0,-305.6542,0.0,-6215.38013,0.0
179.74222222222215,149.0377777777778,8.75,3.9375,35.0,59.99999999999999,0.0,-1.7896564416208553e-14,-4.0621,0.0002,-0.0218,-0.0,-0.0,-305.6542,0.0,-5909.72592,0.0
176.63333333333324,152.14666666666668,8.75,3.9375,35.0,59.99999999999999,0.0,-1.7896564416208553e-14,-4.2687,0.0002,-0.022,-0.0,-0.0,-305.6542,0.0,-5604.07172,0.0
173.52444444444436,155.25555555555556,8.75,3.9375,35.0,59.99999999999998,0.0,-2.2647924814401124e-14,-4.4345,0.0002,-0.0222,-0.0,-0.0,-305.6542,0.0,-5298.41752,0.0
170.41555555555547,158.36444444444444,8.75,3.9375,35.0,59.99999999999998,0.0,-2.7399285212593695e-14,-4.5621,0.0002,-0.0224,-0.0,-0.0,-305.6542,0.0,-4992.76331,0.0
167.3066666666666,161.47333333333333,8.75,3.9375,35.0,59.99999999999998,0.0,-3.215064561078627e-14,-4.6559,0.0002,-0.0225,-0.0,-0.0,-305.6542,0.0,-4687.10911,0.0
164.1977777777777,164.5822222222222,8.75,3.9375,35.0,59.99999999999999,0.0,-3.6902006008978844e-14,-4.7228,0.0002,-0.0227,-0.0,-0.0,-305.6542,0.0,-4381.4549,0.0
161.08888888888882,167.6911111111111,8.75,3.9375,35.0,59.99999999999999,0.0,-3.6902006008978844e-14,-4.7713,0.0002,-0.0228,-0.0,-0.0,-305.6542,0.0,-4075.8007,0.0
157.97999999999993,170.79999999999998,8.75,3.9375,35.0,59.99999999999999,0.0,-3.6902006008978844e-14,-4.8125,0.0001,-0.023,2326.03765,-0.06905,-297.37775,0.0,-3778.42294,0.0
154.7077777777777,174.07222222222222,8.75,3.7815,35.0,59.99999999999999,0.0,-3.6902006008978844e-14,-4.8578,0.0001,-0.0231,-0.0,-0.0,-289.1013,0.0,-3489.32164,0.0
151.43555555555545,177.34444444444446,8.75,3.7815,35.0,59.99999999999999,0.0,-3.6902006008978844e-14,-4.9006,0.0001,-0.0233,-0.0,-0.0,-289.1013,0.0,-3200.22034,0.0
148.1633333333332,180.6166666666667,8.75,3.7815,35.0,59.99999999999999,0.0,-3.6902006008978844e-14,-4.9351,0.0001,-0.0234,-0.0,-0.0,-289.1013,0.0,-2911.11903,0.0
144.89111111111097,183.88888888888894,8.75,3.7815,35.0,59.99999999999999,0.0,-3.6902006008978844e-14,-4.9579,0.0001,-0.0235,-0.0,-0.0,-289.1013,0.0,-2622.01773,0.0
141.61888888888873,187.16111111111118,8.75,3.7815,35.0,59.99999999999999,0.0,-3.6902006008978844e-14,-4.9685,0.0001,-0.0236,228.68159,-0.00463,-289.1013,0.0,-2332.91643,0.0
138.3466666666665,190.43333333333342,8.75,3.7815,35.0,59.99999999999999,0.0,-3.6902006008978844e-14,-4.9685,0.0001,-0.0237,32.84817,-0.00061,-289.1013,0.0,-2043.81512,0.0
135.07444444444425,193.70555555555566,8.75,3.7815,35.0,59.99999999999999,0.0,-3.6902006008978844e-14,-4.9601,0.0001,-0.0238,-0.0,-0.0,-289.1013,0.0,-1754.71382,0.0
131.802222222222,196.9777777777779,8.75,3.7815,35.0,59.99999999999999,0.0,-3.6902006008978844e-14,-4.9476,0.0001,-0.0239,-0.0,-0.0,-289.1013,0.0,-1465.61252,0.0
128.52999999999977,200.25000000000014,8.75,3.8125,35.0,59.99999999999999,0.0,-3.6902006008978844e-14,-4.9375,0.0001,-0.0239,1563.55558,-0.02282,-283.54332,0.0,-1182.06919,0.0
125.4429999999998,203.33700000000013,8.75,3.8125,35.0,59.99999999999999,0.0,-3.6902006008978844e-14,-4.9359,0.0001,-0.024,-0.0,-0.0,-277.98535,0.0,-904.08385,0.0
122.35599999999981,206.42400000000012,8.75,3.8125,35.0,59.99999999999999,0.0,-3.6902006008978844e-14,-4.9375,0.0001,-0.024,147.2758,-0.00184,-277.98535,0.0,-626.0985,0.0
119.26899999999982,209.5110000000001,8.75,3.8125,35.0,59.99999999999999,0.0,-3.6902006008978844e-14,-4.937,0.0001,-0.024,-0.0,-0.0,-277.98535,0.0,-348.11315,0.0
116.18199999999983,212.5980000000001,8.75,3.8125,35.0,59.99999999999999,0.0,-3.6902006008978844e-14,-4.9298,0.0001,-0.0241,-0.0,-0.0,-277.98535,0.0,-70.12781,0.0
113.09499999999984,215.6850000000001,8.75,3.8125,35.0,59.99999999999999,0.0,-3.6902006008978844e-14,-4.9135,0.0,-0.0241,-0.0,-0.0,-277.98535,0.0,207.85754,0.0
110.00799999999985,218.77200000000008,8.75,3.8125,35.0,59.99999999999999,0.0,-3.6902006008978844e-14,-4.8875,0.0,-0.0241,-0.0,-0.0,-277.98535,0.0,485.84288,0.0
106.92099999999986,221.85900000000007,8.75,3.8125,35.0,59.99999999999999,0.0,-3.6902006008978844e-14,-4.8534,0.0,-0.0241,-0.0,-0.0,-277.98535,0.0,763.82823,0.0
103.83399999999988,224.94600000000005,8.75,3.8125,35.0,59.99999999999999,0.0,-3.6902006008978844e-14,-4.8149,0.0,-0.0241,-0.0,-0.0,-277.98535,0.0,1041.81358,0.0
100.74699999999989,228.03300000000004,8.75,3.8125,35.0,59.99999999999999,0.0,-3.6902006008978844e-14,-4.7778,0.0,-0.024,-0.0,-0.0,-277.98535,0.0,1319.79892,0.0
97.6599999999999,231.12000000000003,8.75,4.0,35.0,59.99999999999999,0.0,-3.6902006008978844e-14,-4.75,0.0,-0.024,1896.59431,-0.01326,-315.05159,0.0,1634.85051,0.0
94.20444444444433,234.5755555555556,8.75,4.0,35.0,59.99999999999999,0.0,-3.6902006008978844e-14,-4.7376,0.0,-0.0239,-0.0,-0.0,-352.11783,0.0,1986.96834,0.0
90.74888888888877,238.03111111111116,8.75,4.0,35.0,59.99999999999999,0.0,-3.6902006008978844e-14,-4.7382,0.0,-0.0239,-0.0,-0.0,-352.11783,0.0,2339.08616,0.0
87.29333333333322,241.4866666666667,8.75,4.0,35.0,59.99999999999999,0.0,-3.6902006008978844e-14,-4.7434,0.0,-0.0238,-0.0,-0.0,-352.11783,0.0,2691.20399,0.0
83.83777777777766,244.94222222222228,8.75,4.0,35.0,59.99999999999999,0.0,-3.6902006008978844e-14,-4.748,0.0,-0.0237,-0.0,-0.0,-352.11783,0.0,3043.32181,0.0
80.3822222222221,248.39777777777783,8.75,4.0,35.0,59.99999999999999,0.0,-3.6902006008978844e-14,-4.75,0.0,-0.0236,85.15568,-0.00043,-352.11783,0.0,3395.43964,0.0
76.92666666666655,251.85333333333338,8.75,4.0,35.0,59.99999999999999,0.0,-3.6902006008978844e-14,-4.75,0.0,-0.0235,544.03165,-0.00258,-352.11783,0.0,3747.55747,0.0
73.47111111111099,255.30888888888896,8.75,4.0,35.0,59.99999999999999,0.0,-3.6902006008978844e-14,-4.75,0.0,-0.0234,166.83694,-0.00075,-352.11783,0.0,4099.67529,0.0
70.01555555555542,258.7644444444445,8.75,4.0,35.0,59.99999999999999,0.0,-3.6902006008978844e-14,-4.75,0.0,-0.0233,267.95637,-0.00116,-352.11783,0.0,4451.79312,0.0
66.55999999999987,262.2200000000001,8.75,4.0,35.0,59.99999999999999,0.0,-3.6902006008978844e-14,-4.75,0.0,-0.0232,229.29979,-0.00095,-335.83843,0.0,4787.63155,0.0
63.34199999999987,265.43800000000005,8.75,4.0,35.0,59.99999999999999,0.0,-3.6902006008978844e-14,-4.75,0.0,-0.023,225.28371,-0.0009,-319.55903,0.0,5107.19058,0.0
60.123999999999874,268.65600000000006,8.75,4.0,35.0,59.99999999999999,0.0,-3.6902006008978844e-14,-4.75,0.0,-0.0229,223.93592,-0.00086,-319.55903,0.0,5426.74961,0.0
56.90599999999987,271.8740000000001,8.75,4.0,35.0,59.99999999999999,0.0,-3.6902006008978844e-14,-4.75,0.0,-0.0227,221.51849,-0.00082,-319.55903,0.0,5746.30864,0.0
53.687999999999874,275.09200000000004,8.75,4.0,35.0,59.99999999999999,0.0,-3.6902006008978844e-14,-4.75,0.0,-0.0225,232.5359,-0.00083,-319.55903,0.0,6065.86766,0.0
50.46999999999988,278.31000000000006,8.75,4.0,35.0,59.99999999999999,0.0,-3.6902006008978844e-14,-4.75,0.0,-0.0224,190.88398,-0.00065,-319.55903,0.0,6385.42669,0.0
47.251999999999875,281.5280000000001,8.75,4.0,35.0,59.99999999999999,0.0,-3.6902006008978844e-14,-4.75,0.0,-0.0222,393.03686,-0.00128,-319.55903,0.0,6704.98572,0.0
44.03399999999988,284.74600000000004,8.75,4.0,35.0,59.99999999999999,0.0,-3.6902006008978844e-14,-4.7499,0.0,-0.022,-0.0,-0.0,-319.55903,0.0,7024.54475,0.0
40.81599999999988,287.96400000000006,8.75,4.0,35.0,59.99999999999999,0.0,-3.6902006008978844e-14,-4.749,0.0,-0.0218,-0.0,-0.0,-319.55903,0.0,7344.10378,0.0
37.59799999999988,291.1820000000001,8.75,4.0,35.0,59.99999999999999,0.0,-3.6902006008978844e-14,-4.748,0.0,-0.0215,-0.0,-0.0,-319.55903,0.0,7663.66281,0.0
34.37999999999988,294.40000000000003,8.75,4.0,35.0,59.99999999999999,0.0,-3.6902006008978844e-14,-4.75,0.0,-0.0213,1385.2772,-0.00351,-331.53221,0.0,7995.19503,0.0
30.948888888888785,297.83111111111117,8.75,3.969,35.0,59.99999999999999,0.0,-3.6902006008978844e-14,-4.7587,0.0,-0.0211,-0.0,-0.0,-343.50539,0.0,8338.70042,0.0
27.517777777777685,301.26222222222225,8.75,3.969,35.0,59.99999999999999,0.0,-3.6902006008978844e-14,-4.7693,0.0,-0.0208,-0.0,-0.0,-343.50539,0.0,8682.20581,0.0
24.086666666666588,304.6933333333333,8.75,3.969,35.0,59.99999999999999,0.0,-3.6902006008978844e-14,-4.7773,0.0,-0.0205,-0.0,-0.0,-343.50539,0.0,9025.7112,0.0
20.65555555555549,308.12444444444446,8.75,3.969,35.0,59.99999999999999,0.0,-3.6902006008978844e-14,-4.781,0.0,-0.0202,416.35439,-0.00067,-343.50539,0.0,9369.2166,0.0
17.22444444444439,311.55555555555554,8.75,3.969,35.0,59.99999999999999,0.0,-3.6902006008978844e-14,-4.781,0.0,-0.0199,237.01784,-0.00032,-343.50539,0.0,9712.72199,0.0
13.793333333333294,314.9866666666666,8.75,3.969,35.0,59.99999999999999,0.0,-3.6902006008978844e-14,-4.7769,0.0,-0.0196,-0.0,-0.0,-343.50539,0.0,10056.22738,0.0
10.362222222222195,318.41777777777776,8.75,3.969,35.0,59.99999999999999,0.0,-3.6902006008978844e-14,-4.7683,0.0,-0.0193,-0.0,-0.0,-343.50539,0.0,10399.73277,0.0
6.931111111111098,321.84888888888884,8.75,3.969,35.0,59.99999999999999,0.0,-3.6902006008978844e-14,-4.7576,0.0,-0.019,-0.0,-0.0,-343.50539,0.0,10743.23817,0.0
3.5,325.2799999999999,8.75,4.0,35.0,59.99999999999999,0.0,-3.6902006008978844e-14,-4.75,0.0,-0.0186,1752.47784,-0.0005,-260.91436,0.0,11004.15253,0.0
1.75,327.0299999999999,8.75,4.0,35.0,59.99999999999999,0.0,-3.6902006008978844e-14,-4.7493,0.0,-0.0184,-0.0,-0.0,-178.32334,0.0,11182.47587,0.0
0.0,328.7799999999999,8.75,4.0,35.0,59.99999999999999,0.0,-3.6902006008978844e-14,-4.75,-0.0,-0.0183,-750.21972,-0.00127,11182.47587,0.0,11271.63754,0.0
